
seed=0, LC2=False, LC3=True, predictSuccess:False
t00 z_h=[ 0. -1.  0.  0. -1.] exp=[0 1 4 6 8] xth=[0 0 0 0 0]
t01 z_h=[ 1. -1.  0.  2. -1.] exp=[0 2 3 6 7] xth=[1 0 0 8 0]
t02 z_h=[ 0. -1.  3.  0. -1.] exp=[0 1 3 5 7] xth=[0 0 6 0 0]
t03 z_h=[ 1. -1.  0.  1. -1.] exp=[0 2 3 6 7] xth=[1 0 0 8 0]
t04 z_h=[ 0. -1.  1.  0. -1.] exp=[0 1 3 5 7] xth=[2 0 6 0 0]
t05 z_h=[ 1. -1.  0.  1. -1.] exp=[0 2 3 6 7] xth=[1 0 5 8 0]
t06 z_h=[ 0. -1.  1.  0. -1.] exp=[0 1 3 5 7] xth=[2 0 6 0 0]
t07 z_h=[ 1. -1.  1.  1. -1.] exp=[0 2 4 5 8] xth=[1 0 0 0 0]
t08 z_h=[ 0. -1.  0.  0. -1.] exp=[0 1 4 6 8] xth=[2 0 6 8 0]
t09 z_h=[ 1. -1.  1.  1. -1.] exp=[0 2 4 5 8] xth=[1 0 5 8 0]
t10 z_h=[ 0. -1.  0.  0. -1.] exp=[0 1 4 6 8] xth=[2 0 6 8 0]
t11 z_h=[ 1. -1.  0.  1. -1.] exp=[0 2 3 6 7] xth=[1 0 5 8 0]
t12 z_h=[ 0. -1.  1.  0. -1.] exp=[0 1 3 5 7] xth=[2 0 6 8 0]
t13 z_h=[ 1. -1.  0.  1. -1.] exp=[0 2 3 6 7] xth=[1 0 5 8 0]
t14 z_h=[ 0. -1.  1.  0. -1.] exp=[0 1 3 5 7] xth=[2 0 6 8 0]
t15 z_h=[ 1. -1.  1.  1. -1.] exp=[0 2 4 5 8] xth=[1 0 5 8 0]
t16 z_h=[ 0. -1.  0.  0. -1.] exp=[0 1 4 6 8] xth=[2 0 6 8 0]
t17 z_h=[ 1. -1.  0.  1. -1.] exp=[0 2 3 6 7] xth=[1 0 5 8 0]
t18 z_h=[ 0. -1.  0.  0. -1.] exp=[0 1 4 6 8] xth=[2 0 6 8 0]
t19 z_h=[ 1. -1.  0.  1. -1.] exp=[0 2 3 6 7] xth=[1 0 5 8 0]
seed=1, LC2=False, LC3=False, predictSuccess:False
t00 z_h=[ 0. -1.  0.  0. -1.] exp=[0 1 3 5 7] xth=[0 0 0 0 0]
t01 z_h=[ 1. -1.  0.  2. -1.] exp=[0 2 4 5 8] xth=[1 0 0 7 0]
t02 z_h=[ 0. -1.  3.  0. -1.] exp=[0 1 4 6 8] xth=[0 0 5 0 0]
t03 z_h=[ 1. -1.  0.  1. -1.] exp=[0 2 4 5 8] xth=[1 0 0 7 0]
t04 z_h=[ 0. -1.  1.  0. -1.] exp=[0 1 4 6 8] xth=[2 0 5 0 0]
t05 z_h=[ 1. -1.  0.  1. -1.] exp=[0 2 4 5 8] xth=[1 0 6 7 0]
t06 z_h=[ 0. -1.  1.  0. -1.] exp=[0 1 4 6 8] xth=[2 0 5 0 0]
t07 z_h=[ 1. -1.  0.  1. -1.] exp=[0 2 4 5 8] xth=[1 0 6 7 0]
t08 z_h=[ 0. -1.  0.  0. -1.] exp=[0 1 3 5 7] xth=[2 0 5 7 0]
t09 z_h=[ 1. -1.  1.  1. -1.] exp=[0 2 3 6 7] xth=[1 0 0 0 0]
t10 z_h=[ 0. -1.  1.  0. -1.] exp=[0 1 4 6 8] xth=[2 0 5 7 0]
t11 z_h=[ 1. -1.  1.  1. -1.] exp=[0 2 3 6 7] xth=[1 0 6 7 0]
t12 z_h=[ 0. -1.  1.  0. -1.] exp=[0 1 4 6 8] xth=[2 0 5 7 0]
t13 z_h=[ 1. -1.  1.  1. -1.] exp=[0 2 3 6 7] xth=[1 0 6 7 0]
t14 z_h=[ 0. -1.  0.  0. -1.] exp=[0 1 3 5 7] xth=[2 0 5 7 0]
t15 z_h=[ 1. -1.  0.  1. -1.] exp=[0 2 4 5 8] xth=[1 0 6 7 0]
t16 z_h=[ 0. -1.  0.  0. -1.] exp=[0 1 3 5 7] xth=[2 0 5 7 0]
t17 z_h=[ 1. -1.  1.  1. -1.] exp=[0 2 3 6 7] xth=[1 0 6 7 0]
t18 z_h=[ 0. -1.  0.  0. -1.] exp=[0 1 3 5 7] xth=[2 0 5 7 0]
t19 z_h=[ 1. -1.  1.  1. -1.] exp=[0 2 3 6 7] xth=[1 0 6 7 0]
seed=2, LC2=True, LC3=True, predictSuccess:True
t00 z_h=[ 0. -1.  0.  0. -1.] exp=[0 1 3 5 7] xth=[0 0 0 0 0]
t01 z_h=[ 1. -1.  1.  1. -1.] exp=[0 2 3 6 7] xth=[1 0 0 0 0]
t02 z_h=[ 0. -1.  0.  0. -1.] exp=[0 1 4 6 8] xth=[2 0 0 0 0]
t03 z_h=[ 1. -1.  1.  1. -1.] exp=[0 2 4 5 8] xth=[1 0 0 0 0]
t04 z_h=[ 0. -1.  0.  0. -1.] exp=[0 1 4 6 8] xth=[2 0 6 8 0]
t05 z_h=[ 1. -1.  1.  1. -1.] exp=[0 2 3 6 7] xth=[1 0 6 7 0]
t06 z_h=[ 0. -1.  0.  0. -1.] exp=[0 1 4 6 8] xth=[2 0 6 8 0]
t07 z_h=[ 1. -1.  1.  1. -1.] exp=[0 2 4 5 8] xth=[1 0 5 8 0]
t08 z_h=[ 0. -1.  0.  0. -1.] exp=[0 1 3 5 7] xth=[2 0 5 7 0]
t09 z_h=[ 1. -1.  1.  1. -1.] exp=[0 2 3 6 7] xth=[1 0 6 7 0]
t10 z_h=[ 0. -1.  0.  0. -1.] exp=[0 1 3 5 7] xth=[2 0 5 7 0]
t11 z_h=[ 1. -1.  1.  1. -1.] exp=[0 2 3 6 7] xth=[1 0 6 7 0]
t12 z_h=[ 0. -1.  0.  0. -1.] exp=[0 1 3 5 7] xth=[2 0 5 7 0]
t13 z_h=[ 1. -1.  1.  1. -1.] exp=[0 2 3 6 7] xth=[1 0 6 7 0]
t14 z_h=[ 0. -1.  0.  0. -1.] exp=[0 1 3 5 7] xth=[2 0 5 7 0]
t15 z_h=[ 1. -1.  1.  1. -1.] exp=[0 2 3 6 7] xth=[1 0 6 7 0]
t16 z_h=[ 0. -1.  0.  0. -1.] exp=[0 1 3 5 7] xth=[2 0 5 7 0]
t17 z_h=[ 1. -1.  1.  1. -1.] exp=[0 2 3 6 7] xth=[1 0 6 7 0]
t18 z_h=[ 0. -1.  0.  0. -1.] exp=[0 1 3 5 7] xth=[2 0 5 7 0]
t19 z_h=[ 1. -1.  1.  1. -1.] exp=[0 2 4 5 8] xth=[1 0 5 8 0]
seed=3, LC2=False, LC3=True, predictSuccess:False
t00 z_h=[ 0. -1.  0.  0. -1.] exp=[0 1 4 6 8] xth=[0 0 0 0 0]
t01 z_h=[ 1. -1.  0.  2. -1.] exp=[0 2 3 6 7] xth=[1 0 0 8 0]
t02 z_h=[ 0. -1.  3.  0. -1.] exp=[0 1 3 5 7] xth=[0 0 6 0 0]
t03 z_h=[ 1. -1.  0.  1. -1.] exp=[0 2 3 6 7] xth=[1 0 0 8 0]
t04 z_h=[ 0. -1.  1.  0. -1.] exp=[0 1 3 5 7] xth=[2 0 6 0 0]
t05 z_h=[ 1. -1.  0.  1. -1.] exp=[0 2 3 6 7] xth=[1 0 5 8 0]
t06 z_h=[ 0. -1.  1.  0. -1.] exp=[0 1 3 5 7] xth=[2 0 6 0 0]
t07 z_h=[ 1. -1.  1.  1. -1.] exp=[0 2 4 5 8] xth=[1 0 0 0 0]
t08 z_h=[ 0. -1.  1.  0. -1.] exp=[0 1 3 5 7] xth=[2 0 6 8 0]
t09 z_h=[ 1. -1.  1.  1. -1.] exp=[0 2 4 5 8] xth=[1 0 5 8 0]
t10 z_h=[ 0. -1.  0.  0. -1.] exp=[0 1 4 6 8] xth=[2 0 6 8 0]
t11 z_h=[ 1. -1.  1.  1. -1.] exp=[0 2 4 5 8] xth=[1 0 5 8 0]
t12 z_h=[ 0. -1.  1.  0. -1.] exp=[0 1 3 5 7] xth=[2 0 6 8 0]
t13 z_h=[ 1. -1.  0.  1. -1.] exp=[0 2 3 6 7] xth=[1 0 5 8 0]
t14 z_h=[ 0. -1.  1.  0. -1.] exp=[0 1 3 5 7] xth=[2 0 6 8 0]
t15 z_h=[ 1. -1.  1.  1. -1.] exp=[0 2 4 5 8] xth=[1 0 5 8 0]
t16 z_h=[ 0. -1.  0.  0. -1.] exp=[0 1 4 6 8] xth=[2 0 6 8 0]
t17 z_h=[ 1. -1.  0.  1. -1.] exp=[0 2 3 6 7] xth=[1 0 5 8 0]
t18 z_h=[ 0. -1.  0.  0. -1.] exp=[0 1 4 6 8] xth=[2 0 6 8 0]
t19 z_h=[ 1. -1.  0.  1. -1.] exp=[0 2 3 6 7] xth=[1 0 5 8 0]
seed=4, LC2=False, LC3=False, predictSuccess:False
t00 z_h=[ 0. -1.  0.  0. -1.] exp=[0 1 4 6 8] xth=[0 0 0 0 0]
t01 z_h=[ 1. -1.  0.  2. -1.] exp=[0 2 3 6 7] xth=[1 0 0 8 0]
t02 z_h=[ 0. -1.  3.  0. -1.] exp=[0 1 3 5 7] xth=[0 0 6 0 0]
t03 z_h=[ 1. -1.  1.  1. -1.] exp=[0 2 4 5 8] xth=[1 0 0 0 0]
t04 z_h=[ 0. -1.  1.  0. -1.] exp=[0 1 3 5 7] xth=[2 0 6 8 0]
t05 z_h=[ 1. -1.  0.  1. -1.] exp=[0 2 3 6 7] xth=[1 0 5 8 0]
t06 z_h=[ 0. -1.  1.  0. -1.] exp=[0 1 3 5 7] xth=[2 0 6 8 0]
t07 z_h=[ 1. -1.  0.  1. -1.] exp=[0 2 3 6 7] xth=[1 0 5 8 0]
t08 z_h=[ 0. -1.  1.  0. -1.] exp=[0 1 3 5 7] xth=[2 0 6 8 0]
t09 z_h=[ 1. -1.  0.  1. -1.] exp=[0 2 3 6 7] xth=[1 0 5 8 0]
t10 z_h=[ 0. -1.  1.  0. -1.] exp=[0 1 3 5 7] xth=[2 0 6 8 0]
t11 z_h=[ 1. -1.  0.  1. -1.] exp=[0 2 3 6 7] xth=[1 0 5 8 0]
t12 z_h=[ 0. -1.  0.  0. -1.] exp=[0 1 4 6 8] xth=[2 0 6 8 0]
t13 z_h=[ 1. -1.  1.  1. -1.] exp=[0 2 4 5 8] xth=[1 0 5 8 0]
t14 z_h=[ 0. -1.  0.  0. -1.] exp=[0 1 4 6 8] xth=[2 0 6 8 0]
t15 z_h=[ 1. -1.  0.  1. -1.] exp=[0 2 3 6 7] xth=[1 0 5 8 0]
t16 z_h=[ 0. -1.  0.  0. -1.] exp=[0 1 4 6 8] xth=[2 0 6 8 0]
t17 z_h=[ 1. -1.  1.  1. -1.] exp=[0 2 4 5 8] xth=[1 0 5 8 0]
t18 z_h=[ 0. -1.  1.  0. -1.] exp=[0 1 3 5 7] xth=[2 0 6 8 0]
t19 z_h=[ 1. -1.  1.  1. -1.] exp=[0 2 4 5 8] xth=[1 0 5 8 0]
seed=5, LC2=False, LC3=False, predictSuccess:False
t00 z_h=[ 0. -1.  0.  0. -1.] exp=[0 1 4 6 8] xth=[0 0 0 0 0]
t01 z_h=[ 1. -1.  0.  2. -1.] exp=[0 2 3 6 7] xth=[1 0 0 8 0]
t02 z_h=[ 0. -1.  0.  0. -1.] exp=[0 1 4 6 8] xth=[0 0 6 8 0]
t03 z_h=[ 1. -1.  0.  1. -1.] exp=[0 2 3 6 7] xth=[1 0 0 8 0]
t04 z_h=[ 0. -1.  0.  0. -1.] exp=[0 1 4 6 8] xth=[2 0 6 8 0]
t05 z_h=[ 1. -1.  0.  1. -1.] exp=[0 2 3 6 7] xth=[1 0 0 8 0]
t06 z_h=[ 0. -1.  0.  0. -1.] exp=[0 1 4 6 8] xth=[2 0 6 8 0]
t07 z_h=[ 1. -1.  1.  0. -1.] exp=[0 2 4 5 8] xth=[1 0 0 0 0]
t08 z_h=[ 0. -1.  0.  0. -1.] exp=[0 1 4 6 8] xth=[1 0 6 8 0]
t09 z_h=[ 1. -1.  0.  1. -1.] exp=[0 2 3 6 7] xth=[1 0 0 8 0]
t10 z_h=[ 0. -1.  1.  1. -1.] exp=[0 1 3 5 7] xth=[2 0 6 0 0]
t11 z_h=[ 1. -1.  1.  0. -1.] exp=[0 2 4 5 8] xth=[2 0 5 7 0]
t12 z_h=[ 0. -1.  1.  1. -1.] exp=[0 1 3 5 7] xth=[1 0 6 7 0]
t13 z_h=[ 1. -1.  0.  1. -1.] exp=[0 2 3 6 7] xth=[2 0 5 8 0]
t14 z_h=[ 0. -1.  0.  0. -1.] exp=[0 1 4 6 8] xth=[2 0 6 8 0]
t15 z_h=[ 1. -1.  1.  0. -1.] exp=[0 2 4 5 8] xth=[1 0 5 7 0]
t16 z_h=[ 0. -1.  1.  1. -1.] exp=[0 1 3 5 7] xth=[1 0 6 7 0]
t17 z_h=[ 1. -1.  0.  1. -1.] exp=[0 2 3 6 7] xth=[2 0 5 8 0]
t18 z_h=[ 0. -1.  1.  1. -1.] exp=[0 1 3 5 7] xth=[2 0 6 7 0]
t19 z_h=[ 1. -1.  0.  1. -1.] exp=[0 2 3 6 7] xth=[2 0 5 8 0]
seed=6, LC2=False, LC3=False, predictSuccess:False
t00 z_h=[ 0. -1.  0.  0. -1.] exp=[0 1 3 5 7] xth=[0 0 0 0 0]
t01 z_h=[ 1. -1.  0.  2. -1.] exp=[0 2 4 5 8] xth=[1 0 0 7 0]
t02 z_h=[ 0. -1.  3.  0. -1.] exp=[0 1 4 6 8] xth=[0 0 5 0 0]
t03 z_h=[ 1. -1.  0.  1. -1.] exp=[0 2 4 5 8] xth=[1 0 0 7 0]
t04 z_h=[ 0. -1.  0.  0. -1.] exp=[0 1 3 5 7] xth=[2 0 5 7 0]
t05 z_h=[ 1. -1.  1.  1. -1.] exp=[0 2 3 6 7] xth=[1 0 0 0 0]
t06 z_h=[ 0. -1.  0.  0. -1.] exp=[0 1 3 5 7] xth=[2 0 5 7 0]
t07 z_h=[ 1. -1.  1.  1. -1.] exp=[0 2 3 6 7] xth=[1 0 6 7 0]
t08 z_h=[ 0. -1.  0.  0. -1.] exp=[0 1 3 5 7] xth=[2 0 5 7 0]
t09 z_h=[ 1. -1.  0.  1. -1.] exp=[0 2 4 5 8] xth=[1 0 0 7 0]
t10 z_h=[ 0. -1.  0.  0. -1.] exp=[0 1 3 5 7] xth=[2 0 5 7 0]
t11 z_h=[ 1. -1.  0.  1. -1.] exp=[0 2 4 5 8] xth=[1 0 0 7 0]
t12 z_h=[ 0. -1.  0.  0. -1.] exp=[0 1 3 5 7] xth=[2 0 5 7 0]
t13 z_h=[ 1. -1.  1.  1. -1.] exp=[0 2 3 6 7] xth=[1 0 6 7 0]
t14 z_h=[ 0. -1.  0.  0. -1.] exp=[0 1 3 5 7] xth=[2 0 5 7 0]
t15 z_h=[ 1. -1.  0.  1. -1.] exp=[0 2 4 5 8] xth=[1 0 0 7 0]
t16 z_h=[ 0. -1.  0.  0. -1.] exp=[0 1 3 5 7] xth=[2 0 5 7 0]
t17 z_h=[ 1. -1.  1.  1. -1.] exp=[0 2 3 6 7] xth=[1 0 6 7 0]
t18 z_h=[ 0. -1.  1.  0. -1.] exp=[0 1 4 6 8] xth=[2 0 5 7 0]
t19 z_h=[ 1. -1.  1.  1. -1.] exp=[0 2 3 6 7] xth=[1 0 6 7 0]
seed=7, LC2=True, LC3=True, predictSuccess:True
t00 z_h=[ 0. -1.  0.  0. -1.] exp=[0 1 3 5 7] xth=[0 0 0 0 0]
t01 z_h=[ 1. -1.  1.  1. -1.] exp=[0 2 3 6 7] xth=[1 0 0 0 0]
t02 z_h=[ 0. -1.  0.  0. -1.] exp=[0 1 4 6 8] xth=[2 0 0 0 0]
t03 z_h=[ 1. -1.  1.  1. -1.] exp=[0 2 3 6 7] xth=[1 0 6 7 0]
t04 z_h=[ 0. -1.  0.  0. -1.] exp=[0 1 4 6 8] xth=[2 0 6 8 0]
t05 z_h=[ 1. -1.  1.  1. -1.] exp=[0 2 4 5 8] xth=[1 0 0 0 0]
t06 z_h=[ 0. -1.  0.  0. -1.] exp=[0 1 3 5 7] xth=[2 0 5 7 0]
t07 z_h=[ 1. -1.  1.  1. -1.] exp=[0 2 4 5 8] xth=[1 0 5 8 0]
t08 z_h=[ 0. -1.  0.  0. -1.] exp=[0 1 4 6 8] xth=[2 0 6 8 0]
t09 z_h=[ 1. -1.  1.  1. -1.] exp=[0 2 4 5 8] xth=[1 0 5 8 0]
t10 z_h=[ 0. -1.  0.  0. -1.] exp=[0 1 3 5 7] xth=[2 0 5 7 0]
t11 z_h=[ 1. -1.  1.  1. -1.] exp=[0 2 4 5 8] xth=[1 0 5 8 0]
t12 z_h=[ 0. -1.  0.  0. -1.] exp=[0 1 4 6 8] xth=[2 0 6 8 0]
t13 z_h=[ 1. -1.  1.  1. -1.] exp=[0 2 4 5 8] xth=[1 0 5 8 0]
t14 z_h=[ 0. -1.  0.  0. -1.] exp=[0 1 3 5 7] xth=[2 0 5 7 0]
t15 z_h=[ 1. -1.  1.  1. -1.] exp=[0 2 4 5 8] xth=[1 0 5 8 0]
t16 z_h=[ 0. -1.  0.  0. -1.] exp=[0 1 4 6 8] xth=[2 0 6 8 0]
t17 z_h=[ 1. -1.  1.  1. -1.] exp=[0 2 3 6 7] xth=[1 0 6 7 0]
t18 z_h=[ 0. -1.  0.  0. -1.] exp=[0 1 4 6 8] xth=[2 0 6 8 0]
t19 z_h=[ 1. -1.  1.  1. -1.] exp=[0 2 4 5 8] xth=[1 0 5 8 0]
seed=8, LC2=False, LC3=True, predictSuccess:True
t00 z_h=[ 0. -1.  0.  0. -1.] exp=[0 1 4 6 8] xth=[0 0 0 0 0]
t01 z_h=[ 1. -1.  1.  1. -1.] exp=[0 2 4 5 8] xth=[1 0 0 0 0]
t02 z_h=[ 0. -1.  0.  0. -1.] exp=[0 1 4 6 8] xth=[2 0 6 8 0]
t03 z_h=[ 1. -1.  1.  1. -1.] exp=[0 2 4 5 8] xth=[1 0 5 8 0]
t04 z_h=[ 0. -1.  0.  0. -1.] exp=[0 1 4 6 8] xth=[2 0 6 8 0]
t05 z_h=[ 1. -1.  0.  1. -1.] exp=[0 2 3 6 7] xth=[1 0 0 8 0]
t06 z_h=[ 0. -1.  1.  0. -1.] exp=[0 1 3 5 7] xth=[2 0 6 8 0]
t07 z_h=[ 1. -1.  0.  1. -1.] exp=[0 2 3 6 7] xth=[1 0 5 8 0]
t08 z_h=[ 0. -1.  1.  0. -1.] exp=[0 1 3 5 7] xth=[2 0 6 8 0]
t09 z_h=[ 1. -1.  0.  1. -1.] exp=[0 2 3 6 7] xth=[1 0 5 8 0]
t10 z_h=[ 0. -1.  0.  0. -1.] exp=[0 1 4 6 8] xth=[2 0 6 8 0]
t11 z_h=[ 1. -1.  1.  1. -1.] exp=[0 2 4 5 8] xth=[1 0 5 8 0]
t12 z_h=[ 0. -1.  0.  0. -1.] exp=[0 1 4 6 8] xth=[2 0 6 8 0]
t13 z_h=[ 1. -1.  1.  1. -1.] exp=[0 2 4 5 8] xth=[1 0 5 8 0]
t14 z_h=[ 0. -1.  1.  0. -1.] exp=[0 1 3 5 7] xth=[2 0 6 8 0]
t15 z_h=[ 1. -1.  1.  1. -1.] exp=[0 2 4 5 8] xth=[1 0 5 8 0]
t16 z_h=[ 0. -1.  1.  0. -1.] exp=[0 1 3 5 7] xth=[2 0 6 8 0]
t17 z_h=[ 1. -1.  1.  1. -1.] exp=[0 2 4 5 8] xth=[1 0 5 8 0]
t18 z_h=[ 0. -1.  1.  0. -1.] exp=[0 1 3 5 7] xth=[2 0 6 8 0]
t19 z_h=[ 1. -1.  1.  1. -1.] exp=[0 2 4 5 8] xth=[1 0 5 8 0]
seed=9, LC2=False, LC3=True, predictSuccess:False
t00 z_h=[ 0. -1.  0.  0. -1.] exp=[0 1 3 5 7] xth=[0 0 0 0 0]
t01 z_h=[ 1. -1.  0.  2. -1.] exp=[0 2 4 5 8] xth=[1 0 0 7 0]
t02 z_h=[ 0. -1.  0.  0. -1.] exp=[0 1 3 5 7] xth=[0 0 5 7 0]
t03 z_h=[ 1. -1.  0.  1. -1.] exp=[0 2 4 5 8] xth=[1 0 0 7 0]
t04 z_h=[ 0. -1.  1.  0. -1.] exp=[0 1 4 6 8] xth=[2 0 5 0 0]
t05 z_h=[ 1. -1.  0.  1. -1.] exp=[0 2 4 5 8] xth=[1 0 6 7 0]
t06 z_h=[ 0. -1.  1.  0. -1.] exp=[0 1 4 6 8] xth=[2 0 5 0 0]
t07 z_h=[ 1. -1.  0.  1. -1.] exp=[0 2 4 5 8] xth=[1 0 6 7 0]
t08 z_h=[ 0. -1.  0.  0. -1.] exp=[0 1 3 5 7] xth=[2 0 5 7 0]
t09 z_h=[ 1. -1.  0.  1. -1.] exp=[0 2 4 5 8] xth=[1 0 6 7 0]
t10 z_h=[ 0. -1.  1.  0. -1.] exp=[0 1 4 6 8] xth=[2 0 5 0 0]
t11 z_h=[ 1. -1.  0.  1. -1.] exp=[0 2 4 5 8] xth=[1 0 6 7 0]
t12 z_h=[ 0. -1.  1.  0. -1.] exp=[0 1 4 6 8] xth=[2 0 5 0 0]
t13 z_h=[ 1. -1.  1.  1. -1.] exp=[0 2 3 6 7] xth=[1 0 0 0 0]
t14 z_h=[ 0. -1.  1.  0. -1.] exp=[0 1 4 6 8] xth=[2 0 5 7 0]
t15 z_h=[ 1. -1.  0.  1. -1.] exp=[0 2 4 5 8] xth=[1 0 6 7 0]
t16 z_h=[ 0. -1.  0.  0. -1.] exp=[0 1 3 5 7] xth=[2 0 5 7 0]
t17 z_h=[ 1. -1.  1.  1. -1.] exp=[0 2 3 6 7] xth=[1 0 6 7 0]
t18 z_h=[ 0. -1.  1.  0. -1.] exp=[0 1 4 6 8] xth=[2 0 5 7 0]
t19 z_h=[ 1. -1.  1.  1. -1.] exp=[0 2 3 6 7] xth=[1 0 6 7 0]
seed=10, LC2=True, LC3=True, predictSuccess:True
t00 z_h=[ 0. -1.  0.  0. -1.] exp=[0 1 4 6 8] xth=[0 0 0 0 0]
t01 z_h=[ 1. -1.  1.  1. -1.] exp=[0 2 4 5 8] xth=[1 0 0 0 0]
t02 z_h=[ 0. -1.  0.  0. -1.] exp=[0 1 3 5 7] xth=[2 0 0 0 0]
t03 z_h=[ 1. -1.  1.  1. -1.] exp=[0 2 4 5 8] xth=[1 0 5 8 0]
t04 z_h=[ 0. -1.  0.  0. -1.] exp=[0 1 4 6 8] xth=[2 0 6 8 0]
t05 z_h=[ 1. -1.  1.  1. -1.] exp=[0 2 4 5 8] xth=[1 0 5 8 0]
t06 z_h=[ 0. -1.  0.  0. -1.] exp=[0 1 4 6 8] xth=[2 0 6 8 0]
t07 z_h=[ 1. -1.  1.  1. -1.] exp=[0 2 3 6 7] xth=[1 0 0 0 0]
t08 z_h=[ 0. -1.  0.  0. -1.] exp=[0 1 4 6 8] xth=[2 0 6 8 0]
t09 z_h=[ 1. -1.  1.  1. -1.] exp=[0 2 4 5 8] xth=[1 0 5 8 0]
t10 z_h=[ 0. -1.  0.  0. -1.] exp=[0 1 4 6 8] xth=[2 0 6 8 0]
t11 z_h=[ 1. -1.  1.  1. -1.] exp=[0 2 3 6 7] xth=[1 0 6 7 0]
t12 z_h=[ 0. -1.  0.  0. -1.] exp=[0 1 4 6 8] xth=[2 0 6 8 0]
t13 z_h=[ 1. -1.  1.  1. -1.] exp=[0 2 4 5 8] xth=[1 0 5 8 0]
t14 z_h=[ 0. -1.  0.  0. -1.] exp=[0 1 4 6 8] xth=[2 0 6 8 0]
t15 z_h=[ 1. -1.  1.  1. -1.] exp=[0 2 4 5 8] xth=[1 0 5 8 0]
t16 z_h=[ 0. -1.  0.  0. -1.] exp=[0 1 4 6 8] xth=[2 0 6 8 0]
t17 z_h=[ 1. -1.  1.  1. -1.] exp=[0 2 4 5 8] xth=[1 0 5 8 0]
t18 z_h=[ 0. -1.  0.  0. -1.] exp=[0 1 3 5 7] xth=[2 0 5 7 0]
t19 z_h=[ 1. -1.  1.  1. -1.] exp=[0 2 3 6 7] xth=[1 0 6 7 0]
seed=11, LC2=False, LC3=False, predictSuccess:False
t00 z_h=[ 0. -1.  0.  0. -1.] exp=[0 1 3 5 7] xth=[0 0 0 0 0]
t01 z_h=[ 1. -1.  0.  2. -1.] exp=[0 2 4 5 8] xth=[1 0 0 7 0]
t02 z_h=[ 0. -1.  0.  0. -1.] exp=[0 1 3 5 7] xth=[0 0 5 7 0]
t03 z_h=[ 1. -1.  0.  1. -1.] exp=[0 2 4 5 8] xth=[1 0 0 7 0]
t04 z_h=[ 0. -1.  0.  0. -1.] exp=[0 1 3 5 7] xth=[2 0 5 7 0]
t05 z_h=[ 1. -1.  1.  0. -1.] exp=[0 2 3 6 7] xth=[1 0 0 0 0]
t06 z_h=[ 0. -1.  0.  0. -1.] exp=[0 1 3 5 7] xth=[1 0 5 7 0]
t07 z_h=[ 1. -1.  1.  0. -1.] exp=[0 2 3 6 7] xth=[1 0 6 0 0]
t08 z_h=[ 0. -1.  0.  0. -1.] exp=[0 1 3 5 7] xth=[1 0 5 7 0]
t09 z_h=[ 1. -1.  1.  0. -1.] exp=[0 2 3 6 7] xth=[1 0 6 0 0]
t10 z_h=[ 0. -1.  1.  1. -1.] exp=[0 1 4 6 8] xth=[1 0 5 0 0]
t11 z_h=[ 1. -1.  1.  0. -1.] exp=[0 2 3 6 7] xth=[2 0 6 8 0]
t12 z_h=[ 0. -1.  0.  0. -1.] exp=[0 1 3 5 7] xth=[1 0 5 7 0]
t13 z_h=[ 1. -1.  1.  0. -1.] exp=[0 2 3 6 7] xth=[1 0 6 8 0]
t14 z_h=[ 0. -1.  1.  1. -1.] exp=[0 1 4 6 8] xth=[1 0 5 8 0]
t15 z_h=[ 1. -1.  0.  1. -1.] exp=[0 2 4 5 8] xth=[2 0 6 7 0]
t16 z_h=[ 0. -1.  0.  0. -1.] exp=[0 1 3 5 7] xth=[2 0 5 7 0]
t17 z_h=[ 1. -1.  0.  1. -1.] exp=[0 2 4 5 8] xth=[1 0 6 7 0]
t18 z_h=[ 0. -1.  1.  1. -1.] exp=[0 1 4 6 8] xth=[2 0 5 8 0]
t19 z_h=[ 1. -1.  1.  0. -1.] exp=[0 2 3 6 7] xth=[2 0 6 8 0]
seed=12, LC2=False, LC3=False, predictSuccess:False
t00 z_h=[ 0. -1.  0.  0. -1.] exp=[0 1 4 6 8] xth=[0 0 0 0 0]
t01 z_h=[ 1. -1.  0.  2. -1.] exp=[0 2 3 6 7] xth=[1 0 0 8 0]
t02 z_h=[ 0. -1.  0.  0. -1.] exp=[0 1 4 6 8] xth=[0 0 6 8 0]
t03 z_h=[ 1. -1.  0.  1. -1.] exp=[0 2 3 6 7] xth=[1 0 0 8 0]
t04 z_h=[ 0. -1.  1.  0. -1.] exp=[0 1 3 5 7] xth=[2 0 6 0 0]
t05 z_h=[ 1. -1.  0.  1. -1.] exp=[0 2 3 6 7] xth=[1 0 5 8 0]
t06 z_h=[ 0. -1.  0.  0. -1.] exp=[0 1 4 6 8] xth=[2 0 6 8 0]
t07 z_h=[ 1. -1.  1.  1. -1.] exp=[0 2 4 5 8] xth=[1 0 0 0 0]
t08 z_h=[ 0. -1.  0.  0. -1.] exp=[0 1 4 6 8] xth=[2 0 6 8 0]
t09 z_h=[ 1. -1.  0.  1. -1.] exp=[0 2 3 6 7] xth=[1 0 5 8 0]
t10 z_h=[ 0. -1.  0.  0. -1.] exp=[0 1 4 6 8] xth=[2 0 6 8 0]
t11 z_h=[ 1. -1.  0.  1. -1.] exp=[0 2 3 6 7] xth=[1 0 5 8 0]
t12 z_h=[ 0. -1.  1.  0. -1.] exp=[0 1 3 5 7] xth=[2 0 6 8 0]
t13 z_h=[ 1. -1.  1.  1. -1.] exp=[0 2 4 5 8] xth=[1 0 5 8 0]
t14 z_h=[ 0. -1.  0.  0. -1.] exp=[0 1 4 6 8] xth=[2 0 6 8 0]
t15 z_h=[ 1. -1.  1.  1. -1.] exp=[0 2 4 5 8] xth=[1 0 5 8 0]
t16 z_h=[ 0. -1.  0.  0. -1.] exp=[0 1 4 6 8] xth=[2 0 6 8 0]
t17 z_h=[ 1. -1.  0.  1. -1.] exp=[0 2 3 6 7] xth=[1 0 5 8 0]
t18 z_h=[ 0. -1.  0.  0. -1.] exp=[0 1 4 6 8] xth=[2 0 6 8 0]
t19 z_h=[ 1. -1.  0.  1. -1.] exp=[0 2 3 6 7] xth=[1 0 5 8 0]
seed=13, LC2=False, LC3=True, predictSuccess:False
t00 z_h=[ 0. -1.  0.  0. -1.] exp=[0 1 4 6 8] xth=[0 0 0 0 0]
t01 z_h=[ 1. -1.  0.  2. -1.] exp=[0 2 3 6 7] xth=[1 0 0 8 0]
t02 z_h=[ 0. -1.  3.  0. -1.] exp=[0 1 3 5 7] xth=[0 0 6 0 0]
t03 z_h=[ 1. -1.  0.  1. -1.] exp=[0 2 3 6 7] xth=[1 0 0 8 0]
t04 z_h=[ 0. -1.  0.  0. -1.] exp=[0 1 4 6 8] xth=[2 0 6 8 0]
t05 z_h=[ 1. -1.  0.  1. -1.] exp=[0 2 3 6 7] xth=[1 0 0 8 0]
t06 z_h=[ 0. -1.  1.  0. -1.] exp=[0 1 3 5 7] xth=[2 0 6 0 0]
t07 z_h=[ 1. -1.  0.  1. -1.] exp=[0 2 3 6 7] xth=[1 0 5 8 0]
t08 z_h=[ 0. -1.  1.  0. -1.] exp=[0 1 3 5 7] xth=[2 0 6 0 0]
t09 z_h=[ 1. -1.  1.  1. -1.] exp=[0 2 4 5 8] xth=[1 0 0 0 0]
t10 z_h=[ 0. -1.  1.  0. -1.] exp=[0 1 3 5 7] xth=[2 0 6 8 0]
t11 z_h=[ 1. -1.  0.  1. -1.] exp=[0 2 3 6 7] xth=[1 0 5 8 0]
t12 z_h=[ 0. -1.  0.  0. -1.] exp=[0 1 4 6 8] xth=[2 0 6 8 0]
t13 z_h=[ 1. -1.  1.  1. -1.] exp=[0 2 4 5 8] xth=[1 0 5 8 0]
t14 z_h=[ 0. -1.  0.  0. -1.] exp=[0 1 4 6 8] xth=[2 0 6 8 0]
t15 z_h=[ 1. -1.  0.  1. -1.] exp=[0 2 3 6 7] xth=[1 0 5 8 0]
t16 z_h=[ 0. -1.  0.  0. -1.] exp=[0 1 4 6 8] xth=[2 0 6 8 0]
t17 z_h=[ 1. -1.  1.  1. -1.] exp=[0 2 4 5 8] xth=[1 0 5 8 0]
t18 z_h=[ 0. -1.  0.  0. -1.] exp=[0 1 4 6 8] xth=[2 0 6 8 0]
t19 z_h=[ 1. -1.  1.  1. -1.] exp=[0 2 4 5 8] xth=[1 0 5 8 0]
seed=14, LC2=False, LC3=False, predictSuccess:False
t00 z_h=[ 0. -1.  0.  0. -1.] exp=[0 1 4 6 8] xth=[0 0 0 0 0]
t01 z_h=[ 1. -1.  0.  2. -1.] exp=[0 2 3 6 7] xth=[1 0 0 8 0]
t02 z_h=[ 0. -1.  0.  0. -1.] exp=[0 1 4 6 8] xth=[0 0 6 8 0]
t03 z_h=[ 1. -1.  0.  1. -1.] exp=[0 2 3 6 7] xth=[1 0 0 8 0]
t04 z_h=[ 0. -1.  0.  0. -1.] exp=[0 1 4 6 8] xth=[2 0 6 8 0]
t05 z_h=[ 1. -1.  1.  0. -1.] exp=[0 2 4 5 8] xth=[1 0 0 0 0]
t06 z_h=[ 0. -1.  0.  0. -1.] exp=[0 1 4 6 8] xth=[1 0 6 8 0]
t07 z_h=[ 1. -1.  0.  1. -1.] exp=[0 2 3 6 7] xth=[1 0 0 8 0]
t08 z_h=[ 0. -1.  1.  1. -1.] exp=[0 1 3 5 7] xth=[2 0 6 0 0]
t09 z_h=[ 1. -1.  1.  0. -1.] exp=[0 2 4 5 8] xth=[2 0 5 7 0]
t10 z_h=[ 0. -1.  1.  1. -1.] exp=[0 1 3 5 7] xth=[1 0 6 7 0]
t11 z_h=[ 1. -1.  1.  0. -1.] exp=[0 2 4 5 8] xth=[2 0 5 7 0]
t12 z_h=[ 0. -1.  1.  1. -1.] exp=[0 1 3 5 7] xth=[1 0 6 7 0]
t13 z_h=[ 1. -1.  1.  0. -1.] exp=[0 2 4 5 8] xth=[2 0 5 7 0]
t14 z_h=[ 0. -1.  0.  0. -1.] exp=[0 1 4 6 8] xth=[1 0 6 8 0]
t15 z_h=[ 1. -1.  0.  1. -1.] exp=[0 2 3 6 7] xth=[1 0 5 8 0]
t16 z_h=[ 0. -1.  0.  0. -1.] exp=[0 1 4 6 8] xth=[2 0 6 8 0]
t17 z_h=[ 1. -1.  1.  0. -1.] exp=[0 2 4 5 8] xth=[1 0 5 7 0]
t18 z_h=[ 0. -1.  0.  0. -1.] exp=[0 1 4 6 8] xth=[1 0 6 8 0]
t19 z_h=[ 1. -1.  1.  0. -1.] exp=[0 2 4 5 8] xth=[1 0 5 7 0]
seed=15, LC2=True, LC3=True, predictSuccess:True
t00 z_h=[ 0. -1.  0.  0. -1.] exp=[0 1 4 6 8] xth=[0 0 0 0 0]
t01 z_h=[ 1. -1.  1.  1. -1.] exp=[0 2 4 5 8] xth=[1 0 0 0 0]
t02 z_h=[ 0. -1.  0.  0. -1.] exp=[0 1 3 5 7] xth=[2 0 0 0 0]
t03 z_h=[ 1. -1.  1.  1. -1.] exp=[0 2 4 5 8] xth=[1 0 5 8 0]
t04 z_h=[ 0. -1.  0.  0. -1.] exp=[0 1 4 6 8] xth=[2 0 6 8 0]
t05 z_h=[ 1. -1.  1.  1. -1.] exp=[0 2 4 5 8] xth=[1 0 5 8 0]
t06 z_h=[ 0. -1.  0.  0. -1.] exp=[0 1 3 5 7] xth=[2 0 5 7 0]
t07 z_h=[ 1. -1.  1.  1. -1.] exp=[0 2 3 6 7] xth=[1 0 0 0 0]
t08 z_h=[ 0. -1.  0.  0. -1.] exp=[0 1 3 5 7] xth=[2 0 5 7 0]
t09 z_h=[ 1. -1.  1.  1. -1.] exp=[0 2 3 6 7] xth=[1 0 6 7 0]
t10 z_h=[ 0. -1.  0.  0. -1.] exp=[0 1 4 6 8] xth=[2 0 6 8 0]
t11 z_h=[ 1. -1.  1.  1. -1.] exp=[0 2 4 5 8] xth=[1 0 5 8 0]
t12 z_h=[ 0. -1.  0.  0. -1.] exp=[0 1 4 6 8] xth=[2 0 6 8 0]
t13 z_h=[ 1. -1.  1.  1. -1.] exp=[0 2 4 5 8] xth=[1 0 5 8 0]
t14 z_h=[ 0. -1.  0.  0. -1.] exp=[0 1 4 6 8] xth=[2 0 6 8 0]
t15 z_h=[ 1. -1.  1.  1. -1.] exp=[0 2 4 5 8] xth=[1 0 5 8 0]
t16 z_h=[ 0. -1.  0.  0. -1.] exp=[0 1 3 5 7] xth=[2 0 5 7 0]
t17 z_h=[ 1. -1.  1.  1. -1.] exp=[0 2 4 5 8] xth=[1 0 5 8 0]
t18 z_h=[ 0. -1.  0.  0. -1.] exp=[0 1 4 6 8] xth=[2 0 6 8 0]
t19 z_h=[ 1. -1.  1.  1. -1.] exp=[0 2 4 5 8] xth=[1 0 5 8 0]
seed=16, LC2=False, LC3=True, predictSuccess:False
t00 z_h=[ 0. -1.  0.  0. -1.] exp=[0 1 3 5 7] xth=[0 0 0 0 0]
t01 z_h=[ 1. -1.  0.  2. -1.] exp=[0 2 4 5 8] xth=[1 0 0 7 0]
t02 z_h=[ 0. -1.  3.  0. -1.] exp=[0 1 4 6 8] xth=[0 0 5 0 0]
t03 z_h=[ 1. -1.  1.  1. -1.] exp=[0 2 3 6 7] xth=[1 0 0 0 0]
t04 z_h=[ 0. -1.  1.  0. -1.] exp=[0 1 4 6 8] xth=[2 0 5 7 0]
t05 z_h=[ 1. -1.  1.  1. -1.] exp=[0 2 3 6 7] xth=[1 0 6 7 0]
t06 z_h=[ 0. -1.  0.  0. -1.] exp=[0 1 3 5 7] xth=[2 0 5 7 0]
t07 z_h=[ 1. -1.  1.  1. -1.] exp=[0 2 3 6 7] xth=[1 0 6 7 0]
t08 z_h=[ 0. -1.  0.  0. -1.] exp=[0 1 3 5 7] xth=[2 0 5 7 0]
t09 z_h=[ 1. -1.  0.  1. -1.] exp=[0 2 4 5 8] xth=[1 0 6 7 0]
t10 z_h=[ 0. -1.  0.  0. -1.] exp=[0 1 3 5 7] xth=[2 0 5 7 0]
t11 z_h=[ 1. -1.  0.  1. -1.] exp=[0 2 4 5 8] xth=[1 0 6 7 0]
t12 z_h=[ 0. -1.  0.  0. -1.] exp=[0 1 3 5 7] xth=[2 0 5 7 0]
t13 z_h=[ 1. -1.  0.  1. -1.] exp=[0 2 4 5 8] xth=[1 0 6 7 0]
t14 z_h=[ 0. -1.  0.  0. -1.] exp=[0 1 3 5 7] xth=[2 0 5 7 0]
t15 z_h=[ 1. -1.  1.  1. -1.] exp=[0 2 3 6 7] xth=[1 0 6 7 0]
t16 z_h=[ 0. -1.  0.  0. -1.] exp=[0 1 3 5 7] xth=[2 0 5 7 0]
t17 z_h=[ 1. -1.  1.  1. -1.] exp=[0 2 3 6 7] xth=[1 0 6 7 0]
t18 z_h=[ 0. -1.  0.  0. -1.] exp=[0 1 3 5 7] xth=[2 0 5 7 0]
t19 z_h=[ 1. -1.  0.  1. -1.] exp=[0 2 4 5 8] xth=[1 0 6 7 0]
seed=17, LC2=False, LC3=True, predictSuccess:False
t00 z_h=[ 0. -1.  0.  0. -1.] exp=[0 1 4 6 8] xth=[0 0 0 0 0]
t01 z_h=[ 1. -1.  1.  1. -1.] exp=[0 2 4 5 8] xth=[1 0 0 0 0]
t02 z_h=[ 0. -1.  0.  0. -1.] exp=[0 1 4 6 8] xth=[2 0 6 8 0]
t03 z_h=[ 1. -1.  0.  1. -1.] exp=[0 2 3 6 7] xth=[1 0 0 8 0]
t04 z_h=[ 0. -1.  0.  0. -1.] exp=[0 1 4 6 8] xth=[2 0 6 8 0]
t05 z_h=[ 1. -1.  0.  1. -1.] exp=[0 2 3 6 7] xth=[1 0 0 8 0]
t06 z_h=[ 0. -1.  0.  0. -1.] exp=[0 1 4 6 8] xth=[2 0 6 8 0]
t07 z_h=[ 1. -1.  0.  1. -1.] exp=[0 2 3 6 7] xth=[1 0 0 8 0]
t08 z_h=[ 0. -1.  1.  0. -1.] exp=[0 1 3 5 7] xth=[2 0 6 8 0]
t09 z_h=[ 1. -1.  1.  1. -1.] exp=[0 2 4 5 8] xth=[1 0 5 8 0]
t10 z_h=[ 0. -1.  0.  0. -1.] exp=[0 1 4 6 8] xth=[2 0 6 8 0]
t11 z_h=[ 1. -1.  1.  1. -1.] exp=[0 2 4 5 8] xth=[1 0 5 8 0]
t12 z_h=[ 0. -1.  1.  0. -1.] exp=[0 1 3 5 7] xth=[2 0 6 8 0]
t13 z_h=[ 1. -1.  0.  1. -1.] exp=[0 2 3 6 7] xth=[1 0 5 8 0]
t14 z_h=[ 0. -1.  1.  0. -1.] exp=[0 1 3 5 7] xth=[2 0 6 8 0]
t15 z_h=[ 1. -1.  0.  1. -1.] exp=[0 2 3 6 7] xth=[1 0 5 8 0]
t16 z_h=[ 0. -1.  0.  0. -1.] exp=[0 1 4 6 8] xth=[2 0 6 8 0]
t17 z_h=[ 1. -1.  1.  1. -1.] exp=[0 2 4 5 8] xth=[1 0 5 8 0]
t18 z_h=[ 0. -1.  0.  0. -1.] exp=[0 1 4 6 8] xth=[2 0 6 8 0]
t19 z_h=[ 1. -1.  1.  1. -1.] exp=[0 2 4 5 8] xth=[1 0 5 8 0]
seed=18, LC2=True, LC3=True, predictSuccess:True
t00 z_h=[ 0. -1.  0.  0. -1.] exp=[0 1 3 5 7] xth=[0 0 0 0 0]
t01 z_h=[ 1. -1.  1.  1. -1.] exp=[0 2 3 6 7] xth=[1 0 0 0 0]
t02 z_h=[ 0. -1.  0.  0. -1.] exp=[0 1 4 6 8] xth=[2 0 0 0 0]
t03 z_h=[ 1. -1.  1.  1. -1.] exp=[0 2 4 5 8] xth=[1 0 0 0 0]
t04 z_h=[ 0. -1.  0.  0. -1.] exp=[0 1 4 6 8] xth=[2 0 6 8 0]
t05 z_h=[ 1. -1.  1.  1. -1.] exp=[0 2 3 6 7] xth=[1 0 6 7 0]
t06 z_h=[ 0. -1.  0.  0. -1.] exp=[0 1 3 5 7] xth=[2 0 5 7 0]
t07 z_h=[ 1. -1.  1.  1. -1.] exp=[0 2 4 5 8] xth=[1 0 5 8 0]
t08 z_h=[ 0. -1.  0.  0. -1.] exp=[0 1 3 5 7] xth=[2 0 5 7 0]
t09 z_h=[ 1. -1.  1.  1. -1.] exp=[0 2 3 6 7] xth=[1 0 6 7 0]
t10 z_h=[ 0. -1.  0.  0. -1.] exp=[0 1 3 5 7] xth=[2 0 5 7 0]
t11 z_h=[ 1. -1.  1.  1. -1.] exp=[0 2 3 6 7] xth=[1 0 6 7 0]
t12 z_h=[ 0. -1.  0.  0. -1.] exp=[0 1 4 6 8] xth=[2 0 6 8 0]
t13 z_h=[ 1. -1.  1.  1. -1.] exp=[0 2 3 6 7] xth=[1 0 6 7 0]
t14 z_h=[ 0. -1.  0.  0. -1.] exp=[0 1 4 6 8] xth=[2 0 6 8 0]
t15 z_h=[ 1. -1.  1.  1. -1.] exp=[0 2 4 5 8] xth=[1 0 5 8 0]
t16 z_h=[ 0. -1.  0.  0. -1.] exp=[0 1 3 5 7] xth=[2 0 5 7 0]
t17 z_h=[ 1. -1.  1.  1. -1.] exp=[0 2 4 5 8] xth=[1 0 5 8 0]
t18 z_h=[ 0. -1.  0.  0. -1.] exp=[0 1 4 6 8] xth=[2 0 6 8 0]
t19 z_h=[ 1. -1.  1.  1. -1.] exp=[0 2 3 6 7] xth=[1 0 6 7 0]
seed=19, LC2=True, LC3=True, predictSuccess:True
t00 z_h=[ 0. -1.  0.  0. -1.] exp=[0 1 3 5 7] xth=[0 0 0 0 0]
t01 z_h=[ 1. -1.  1.  1. -1.] exp=[0 2 3 6 7] xth=[1 0 0 0 0]
t02 z_h=[ 0. -1.  0.  0. -1.] exp=[0 1 3 5 7] xth=[2 0 5 7 0]
t03 z_h=[ 1. -1.  1.  1. -1.] exp=[0 2 3 6 7] xth=[1 0 6 7 0]
t04 z_h=[ 0. -1.  0.  0. -1.] exp=[0 1 4 6 8] xth=[2 0 0 0 0]
t05 z_h=[ 1. -1.  1.  1. -1.] exp=[0 2 4 5 8] xth=[1 0 0 0 0]
t06 z_h=[ 0. -1.  0.  0. -1.] exp=[0 1 4 6 8] xth=[2 0 6 8 0]
t07 z_h=[ 1. -1.  1.  1. -1.] exp=[0 2 3 6 7] xth=[1 0 6 7 0]
t08 z_h=[ 0. -1.  0.  0. -1.] exp=[0 1 3 5 7] xth=[2 0 5 7 0]
t09 z_h=[ 1. -1.  1.  1. -1.] exp=[0 2 4 5 8] xth=[1 0 5 8 0]
t10 z_h=[ 0. -1.  0.  0. -1.] exp=[0 1 4 6 8] xth=[2 0 6 8 0]
t11 z_h=[ 1. -1.  1.  1. -1.] exp=[0 2 4 5 8] xth=[1 0 5 8 0]
t12 z_h=[ 0. -1.  0.  0. -1.] exp=[0 1 4 6 8] xth=[2 0 6 8 0]
t13 z_h=[ 1. -1.  1.  1. -1.] exp=[0 2 4 5 8] xth=[1 0 5 8 0]
t14 z_h=[ 0. -1.  0.  0. -1.] exp=[0 1 3 5 7] xth=[2 0 5 7 0]
t15 z_h=[ 1. -1.  1.  1. -1.] exp=[0 2 4 5 8] xth=[1 0 5 8 0]
t16 z_h=[ 0. -1.  0.  0. -1.] exp=[0 1 4 6 8] xth=[2 0 6 8 0]
t17 z_h=[ 1. -1.  1.  1. -1.] exp=[0 2 3 6 7] xth=[1 0 6 7 0]
t18 z_h=[ 0. -1.  0.  0. -1.] exp=[0 1 4 6 8] xth=[2 0 6 8 0]
t19 z_h=[ 1. -1.  1.  1. -1.] exp=[0 2 4 5 8] xth=[1 0 5 8 0]
seed=20, LC2=False, LC3=False, predictSuccess:False
t00 z_h=[ 0. -1.  0.  0. -1.] exp=[0 1 4 6 8] xth=[0 0 0 0 0]
t01 z_h=[ 1. -1.  0.  2. -1.] exp=[0 2 3 6 7] xth=[1 0 0 8 0]
t02 z_h=[ 0. -1.  3.  0. -1.] exp=[0 1 3 5 7] xth=[0 0 6 0 0]
t03 z_h=[ 1. -1.  0.  1. -1.] exp=[0 2 3 6 7] xth=[1 0 0 8 0]
t04 z_h=[ 0. -1.  1.  0. -1.] exp=[0 1 3 5 7] xth=[2 0 6 0 0]
t05 z_h=[ 1. -1.  1.  1. -1.] exp=[0 2 4 5 8] xth=[1 0 0 0 0]
t06 z_h=[ 0. -1.  0.  0. -1.] exp=[0 1 4 6 8] xth=[2 0 6 8 0]
t07 z_h=[ 1. -1.  0.  1. -1.] exp=[0 2 3 6 7] xth=[1 0 5 8 0]
t08 z_h=[ 0. -1.  1.  0. -1.] exp=[0 1 3 5 7] xth=[2 0 6 8 0]
t09 z_h=[ 1. -1.  0.  1. -1.] exp=[0 2 3 6 7] xth=[1 0 5 8 0]
t10 z_h=[ 0. -1.  1.  0. -1.] exp=[0 1 3 5 7] xth=[2 0 6 8 0]
t11 z_h=[ 1. -1.  0.  1. -1.] exp=[0 2 3 6 7] xth=[1 0 5 8 0]
t12 z_h=[ 0. -1.  0.  0. -1.] exp=[0 1 4 6 8] xth=[2 0 6 8 0]
t13 z_h=[ 1. -1.  0.  1. -1.] exp=[0 2 3 6 7] xth=[1 0 5 8 0]
t14 z_h=[ 0. -1.  1.  0. -1.] exp=[0 1 3 5 7] xth=[2 0 6 8 0]
t15 z_h=[ 1. -1.  0.  1. -1.] exp=[0 2 3 6 7] xth=[1 0 5 8 0]
t16 z_h=[ 0. -1.  1.  0. -1.] exp=[0 1 3 5 7] xth=[2 0 6 8 0]
t17 z_h=[ 1. -1.  0.  1. -1.] exp=[0 2 3 6 7] xth=[1 0 5 8 0]
t18 z_h=[ 0. -1.  0.  0. -1.] exp=[0 1 4 6 8] xth=[2 0 6 8 0]
t19 z_h=[ 1. -1.  1.  1. -1.] exp=[0 2 4 5 8] xth=[1 0 5 8 0]
seed=21, LC2=True, LC3=True, predictSuccess:True
t00 z_h=[ 0. -1.  0.  0. -1.] exp=[0 1 4 6 8] xth=[0 0 0 0 0]
t01 z_h=[ 1. -1.  1.  1. -1.] exp=[0 2 4 5 8] xth=[1 0 0 0 0]
t02 z_h=[ 0. -1.  0.  0. -1.] exp=[0 1 3 5 7] xth=[2 0 0 0 0]
t03 z_h=[ 1. -1.  1.  1. -1.] exp=[0 2 4 5 8] xth=[1 0 5 8 0]
t04 z_h=[ 0. -1.  0.  0. -1.] exp=[0 1 4 6 8] xth=[2 0 6 8 0]
t05 z_h=[ 1. -1.  1.  1. -1.] exp=[0 2 4 5 8] xth=[1 0 5 8 0]
t06 z_h=[ 0. -1.  0.  0. -1.] exp=[0 1 4 6 8] xth=[2 0 6 8 0]
t07 z_h=[ 1. -1.  1.  1. -1.] exp=[0 2 4 5 8] xth=[1 0 5 8 0]
t08 z_h=[ 0. -1.  0.  0. -1.] exp=[0 1 3 5 7] xth=[2 0 5 7 0]
t09 z_h=[ 1. -1.  1.  1. -1.] exp=[0 2 3 6 7] xth=[1 0 0 0 0]
t10 z_h=[ 0. -1.  0.  0. -1.] exp=[0 1 3 5 7] xth=[2 0 5 7 0]
t11 z_h=[ 1. -1.  1.  1. -1.] exp=[0 2 4 5 8] xth=[1 0 5 8 0]
t12 z_h=[ 0. -1.  0.  0. -1.] exp=[0 1 3 5 7] xth=[2 0 5 7 0]
t13 z_h=[ 1. -1.  1.  1. -1.] exp=[0 2 3 6 7] xth=[1 0 6 7 0]
t14 z_h=[ 0. -1.  0.  0. -1.] exp=[0 1 4 6 8] xth=[2 0 6 8 0]
t15 z_h=[ 1. -1.  1.  1. -1.] exp=[0 2 4 5 8] xth=[1 0 5 8 0]
t16 z_h=[ 0. -1.  0.  0. -1.] exp=[0 1 3 5 7] xth=[2 0 5 7 0]
t17 z_h=[ 1. -1.  1.  1. -1.] exp=[0 2 4 5 8] xth=[1 0 5 8 0]
t18 z_h=[ 0. -1.  0.  0. -1.] exp=[0 1 4 6 8] xth=[2 0 6 8 0]
t19 z_h=[ 1. -1.  1.  1. -1.] exp=[0 2 3 6 7] xth=[1 0 6 7 0]
seed=22, LC2=False, LC3=True, predictSuccess:False
t00 z_h=[ 0. -1.  0.  0. -1.] exp=[0 1 4 6 8] xth=[0 0 0 0 0]
t01 z_h=[ 1. -1.  0.  2. -1.] exp=[0 2 3 6 7] xth=[1 0 0 8 0]
t02 z_h=[ 0. -1.  3.  0. -1.] exp=[0 1 3 5 7] xth=[0 0 6 0 0]
t03 z_h=[ 1. -1.  0.  1. -1.] exp=[0 2 3 6 7] xth=[1 0 0 8 0]
t04 z_h=[ 0. -1.  1.  0. -1.] exp=[0 1 3 5 7] xth=[2 0 6 0 0]
t05 z_h=[ 1. -1.  1.  1. -1.] exp=[0 2 4 5 8] xth=[1 0 0 0 0]
t06 z_h=[ 0. -1.  1.  0. -1.] exp=[0 1 3 5 7] xth=[2 0 6 8 0]
t07 z_h=[ 1. -1.  0.  1. -1.] exp=[0 2 3 6 7] xth=[1 0 5 8 0]
t08 z_h=[ 0. -1.  1.  0. -1.] exp=[0 1 3 5 7] xth=[2 0 6 8 0]
t09 z_h=[ 1. -1.  0.  1. -1.] exp=[0 2 3 6 7] xth=[1 0 5 8 0]
t10 z_h=[ 0. -1.  1.  0. -1.] exp=[0 1 3 5 7] xth=[2 0 6 8 0]
t11 z_h=[ 1. -1.  1.  1. -1.] exp=[0 2 4 5 8] xth=[1 0 5 8 0]
t12 z_h=[ 0. -1.  1.  0. -1.] exp=[0 1 3 5 7] xth=[2 0 6 8 0]
t13 z_h=[ 1. -1.  1.  1. -1.] exp=[0 2 4 5 8] xth=[1 0 5 8 0]
t14 z_h=[ 0. -1.  1.  0. -1.] exp=[0 1 3 5 7] xth=[2 0 6 8 0]
t15 z_h=[ 1. -1.  0.  1. -1.] exp=[0 2 3 6 7] xth=[1 0 5 8 0]
t16 z_h=[ 0. -1.  1.  0. -1.] exp=[0 1 3 5 7] xth=[2 0 6 8 0]
t17 z_h=[ 1. -1.  0.  1. -1.] exp=[0 2 3 6 7] xth=[1 0 5 8 0]
t18 z_h=[ 0. -1.  1.  0. -1.] exp=[0 1 3 5 7] xth=[2 0 6 8 0]
t19 z_h=[ 1. -1.  0.  1. -1.] exp=[0 2 3 6 7] xth=[1 0 5 8 0]
seed=23, LC2=False, LC3=False, predictSuccess:False
t00 z_h=[ 0. -1.  0.  0. -1.] exp=[0 1 4 6 8] xth=[0 0 0 0 0]
t01 z_h=[ 1. -1.  0.  2. -1.] exp=[0 2 3 6 7] xth=[1 0 0 8 0]
t02 z_h=[ 0. -1.  3.  0. -1.] exp=[0 1 3 5 7] xth=[0 0 6 0 0]
t03 z_h=[ 1. -1.  0.  1. -1.] exp=[0 2 3 6 7] xth=[1 0 0 8 0]
t04 z_h=[ 0. -1.  0.  0. -1.] exp=[0 1 4 6 8] xth=[2 0 6 8 0]
t05 z_h=[ 1. -1.  1.  1. -1.] exp=[0 2 4 5 8] xth=[1 0 0 0 0]
t06 z_h=[ 0. -1.  0.  0. -1.] exp=[0 1 4 6 8] xth=[2 0 6 8 0]
t07 z_h=[ 1. -1.  0.  1. -1.] exp=[0 2 3 6 7] xth=[1 0 0 8 0]
t08 z_h=[ 0. -1.  1.  0. -1.] exp=[0 1 3 5 7] xth=[2 0 6 8 0]
t09 z_h=[ 1. -1.  1.  1. -1.] exp=[0 2 4 5 8] xth=[1 0 5 8 0]
t10 z_h=[ 0. -1.  1.  0. -1.] exp=[0 1 3 5 7] xth=[2 0 6 8 0]
t11 z_h=[ 1. -1.  0.  1. -1.] exp=[0 2 3 6 7] xth=[1 0 5 8 0]
t12 z_h=[ 0. -1.  1.  0. -1.] exp=[0 1 3 5 7] xth=[2 0 6 8 0]
t13 z_h=[ 1. -1.  1.  1. -1.] exp=[0 2 4 5 8] xth=[1 0 5 8 0]
t14 z_h=[ 0. -1.  0.  0. -1.] exp=[0 1 4 6 8] xth=[2 0 6 8 0]
t15 z_h=[ 1. -1.  1.  1. -1.] exp=[0 2 4 5 8] xth=[1 0 5 8 0]
t16 z_h=[ 0. -1.  1.  0. -1.] exp=[0 1 3 5 7] xth=[2 0 6 8 0]
t17 z_h=[ 1. -1.  0.  1. -1.] exp=[0 2 3 6 7] xth=[1 0 5 8 0]
t18 z_h=[ 0. -1.  1.  0. -1.] exp=[0 1 3 5 7] xth=[2 0 6 8 0]
t19 z_h=[ 1. -1.  1.  1. -1.] exp=[0 2 4 5 8] xth=[1 0 5 8 0]
seed=24, LC2=False, LC3=True, predictSuccess:False
t00 z_h=[ 0. -1.  0.  0. -1.] exp=[0 1 3 5 7] xth=[0 0 0 0 0]
t01 z_h=[ 1. -1.  0.  2. -1.] exp=[0 2 4 5 8] xth=[1 0 0 7 0]
t02 z_h=[ 0. -1.  3.  0. -1.] exp=[0 1 4 6 8] xth=[0 0 5 0 0]
t03 z_h=[ 1. -1.  0.  1. -1.] exp=[0 2 4 5 8] xth=[1 0 0 7 0]
t04 z_h=[ 0. -1.  0.  0. -1.] exp=[0 1 3 5 7] xth=[2 0 5 7 0]
t05 z_h=[ 1. -1.  1.  1. -1.] exp=[0 2 3 6 7] xth=[1 0 0 0 0]
t06 z_h=[ 0. -1.  0.  0. -1.] exp=[0 1 3 5 7] xth=[2 0 5 7 0]
t07 z_h=[ 1. -1.  1.  1. -1.] exp=[0 2 3 6 7] xth=[1 0 6 7 0]
t08 z_h=[ 0. -1.  0.  0. -1.] exp=[0 1 3 5 7] xth=[2 0 5 7 0]
t09 z_h=[ 1. -1.  0.  1. -1.] exp=[0 2 4 5 8] xth=[1 0 0 7 0]
t10 z_h=[ 0. -1.  0.  0. -1.] exp=[0 1 3 5 7] xth=[2 0 5 7 0]
t11 z_h=[ 1. -1.  1.  1. -1.] exp=[0 2 3 6 7] xth=[1 0 6 7 0]
t12 z_h=[ 0. -1.  1.  0. -1.] exp=[0 1 4 6 8] xth=[2 0 5 7 0]
t13 z_h=[ 1. -1.  0.  1. -1.] exp=[0 2 4 5 8] xth=[1 0 6 7 0]
t14 z_h=[ 0. -1.  1.  0. -1.] exp=[0 1 4 6 8] xth=[2 0 5 7 0]
t15 z_h=[ 1. -1.  1.  1. -1.] exp=[0 2 3 6 7] xth=[1 0 6 7 0]
t16 z_h=[ 0. -1.  0.  0. -1.] exp=[0 1 3 5 7] xth=[2 0 5 7 0]
t17 z_h=[ 1. -1.  0.  1. -1.] exp=[0 2 4 5 8] xth=[1 0 6 7 0]
t18 z_h=[ 0. -1.  0.  0. -1.] exp=[0 1 3 5 7] xth=[2 0 5 7 0]
t19 z_h=[ 1. -1.  1.  1. -1.] exp=[0 2 3 6 7] xth=[1 0 6 7 0]
seed=25, LC2=False, LC3=True, predictSuccess:False
t00 z_h=[ 0. -1.  0.  0. -1.] exp=[0 1 3 5 7] xth=[0 0 0 0 0]
t01 z_h=[ 1. -1.  0.  2. -1.] exp=[0 2 4 5 8] xth=[1 0 0 7 0]
t02 z_h=[ 0. -1.  3.  0. -1.] exp=[0 1 4 6 8] xth=[0 0 5 0 0]
t03 z_h=[ 1. -1.  1.  1. -1.] exp=[0 2 3 6 7] xth=[1 0 0 0 0]
t04 z_h=[ 0. -1.  0.  0. -1.] exp=[0 1 3 5 7] xth=[2 0 5 7 0]
t05 z_h=[ 1. -1.  0.  1. -1.] exp=[0 2 4 5 8] xth=[1 0 0 7 0]
t06 z_h=[ 0. -1.  0.  0. -1.] exp=[0 1 3 5 7] xth=[2 0 5 7 0]
t07 z_h=[ 1. -1.  0.  1. -1.] exp=[0 2 4 5 8] xth=[1 0 0 7 0]
t08 z_h=[ 0. -1.  1.  0. -1.] exp=[0 1 4 6 8] xth=[2 0 5 7 0]
t09 z_h=[ 1. -1.  1.  1. -1.] exp=[0 2 3 6 7] xth=[1 0 6 7 0]
t10 z_h=[ 0. -1.  1.  0. -1.] exp=[0 1 4 6 8] xth=[2 0 5 7 0]
t11 z_h=[ 1. -1.  1.  1. -1.] exp=[0 2 3 6 7] xth=[1 0 6 7 0]
t12 z_h=[ 0. -1.  0.  0. -1.] exp=[0 1 3 5 7] xth=[2 0 5 7 0]
t13 z_h=[ 1. -1.  0.  1. -1.] exp=[0 2 4 5 8] xth=[1 0 6 7 0]
t14 z_h=[ 0. -1.  1.  0. -1.] exp=[0 1 4 6 8] xth=[2 0 5 7 0]
t15 z_h=[ 1. -1.  0.  1. -1.] exp=[0 2 4 5 8] xth=[1 0 6 7 0]
t16 z_h=[ 0. -1.  0.  0. -1.] exp=[0 1 3 5 7] xth=[2 0 5 7 0]
t17 z_h=[ 1. -1.  1.  1. -1.] exp=[0 2 3 6 7] xth=[1 0 6 7 0]
t18 z_h=[ 0. -1.  0.  0. -1.] exp=[0 1 3 5 7] xth=[2 0 5 7 0]
t19 z_h=[ 1. -1.  1.  1. -1.] exp=[0 2 3 6 7] xth=[1 0 6 7 0]
seed=26, LC2=False, LC3=False, predictSuccess:False
t00 z_h=[ 0. -1.  0.  0. -1.] exp=[0 1 3 5 7] xth=[0 0 0 0 0]
t01 z_h=[ 1. -1.  0.  2. -1.] exp=[0 2 4 5 8] xth=[1 0 0 7 0]
t02 z_h=[ 0. -1.  0.  0. -1.] exp=[0 1 3 5 7] xth=[0 0 5 7 0]
t03 z_h=[ 1. -1.  0.  1. -1.] exp=[0 2 4 5 8] xth=[1 0 0 7 0]
t04 z_h=[ 0. -1.  0.  0. -1.] exp=[0 1 3 5 7] xth=[2 0 5 7 0]
t05 z_h=[ 1. -1.  0.  1. -1.] exp=[0 2 4 5 8] xth=[1 0 0 7 0]
t06 z_h=[ 0. -1.  1.  0. -1.] exp=[0 1 4 6 8] xth=[2 0 5 0 0]
t07 z_h=[ 1. -1.  0.  1. -1.] exp=[0 2 4 5 8] xth=[1 0 6 7 0]
t08 z_h=[ 0. -1.  0.  0. -1.] exp=[0 1 3 5 7] xth=[2 0 5 7 0]
t09 z_h=[ 1. -1.  1.  1. -1.] exp=[0 2 3 6 7] xth=[1 0 0 0 0]
t10 z_h=[ 0. -1.  0.  0. -1.] exp=[0 1 3 5 7] xth=[2 0 5 7 0]
t11 z_h=[ 1. -1.  1.  1. -1.] exp=[0 2 3 6 7] xth=[1 0 6 7 0]
t12 z_h=[ 0. -1.  1.  0. -1.] exp=[0 1 4 6 8] xth=[2 0 5 7 0]
t13 z_h=[ 1. -1.  1.  1. -1.] exp=[0 2 3 6 7] xth=[1 0 6 7 0]
t14 z_h=[ 0. -1.  0.  0. -1.] exp=[0 1 3 5 7] xth=[2 0 5 7 0]
t15 z_h=[ 1. -1.  1.  1. -1.] exp=[0 2 3 6 7] xth=[1 0 6 7 0]
t16 z_h=[ 0. -1.  0.  0. -1.] exp=[0 1 3 5 7] xth=[2 0 5 7 0]
t17 z_h=[ 1. -1.  1.  1. -1.] exp=[0 2 3 6 7] xth=[1 0 6 7 0]
t18 z_h=[ 0. -1.  1.  0. -1.] exp=[0 1 4 6 8] xth=[2 0 5 7 0]
t19 z_h=[ 1. -1.  1.  1. -1.] exp=[0 2 3 6 7] xth=[1 0 6 7 0]
seed=27, LC2=False, LC3=True, predictSuccess:False
t00 z_h=[ 0. -1.  0.  0. -1.] exp=[0 1 3 5 7] xth=[0 0 0 0 0]
t01 z_h=[ 1. -1.  1.  1. -1.] exp=[0 2 3 6 7] xth=[1 0 0 0 0]
t02 z_h=[ 0. -1.  0.  0. -1.] exp=[0 1 3 5 7] xth=[2 0 5 7 0]
t03 z_h=[ 1. -1.  0.  1. -1.] exp=[0 2 4 5 8] xth=[1 0 0 7 0]
t04 z_h=[ 0. -1.  1.  0. -1.] exp=[0 1 4 6 8] xth=[2 0 5 7 0]
t05 z_h=[ 1. -1.  1.  1. -1.] exp=[0 2 3 6 7] xth=[1 0 6 7 0]
t06 z_h=[ 0. -1.  1.  0. -1.] exp=[0 1 4 6 8] xth=[2 0 5 7 0]
t07 z_h=[ 1. -1.  0.  1. -1.] exp=[0 2 4 5 8] xth=[1 0 6 7 0]
t08 z_h=[ 0. -1.  1.  0. -1.] exp=[0 1 4 6 8] xth=[2 0 5 7 0]
t09 z_h=[ 1. -1.  0.  1. -1.] exp=[0 2 4 5 8] xth=[1 0 6 7 0]
t10 z_h=[ 0. -1.  0.  0. -1.] exp=[0 1 3 5 7] xth=[2 0 5 7 0]
t11 z_h=[ 1. -1.  0.  1. -1.] exp=[0 2 4 5 8] xth=[1 0 6 7 0]
t12 z_h=[ 0. -1.  0.  0. -1.] exp=[0 1 3 5 7] xth=[2 0 5 7 0]
t13 z_h=[ 1. -1.  0.  1. -1.] exp=[0 2 4 5 8] xth=[1 0 6 7 0]
t14 z_h=[ 0. -1.  1.  0. -1.] exp=[0 1 4 6 8] xth=[2 0 5 7 0]
t15 z_h=[ 1. -1.  0.  1. -1.] exp=[0 2 4 5 8] xth=[1 0 6 7 0]
t16 z_h=[ 0. -1.  0.  0. -1.] exp=[0 1 3 5 7] xth=[2 0 5 7 0]
t17 z_h=[ 1. -1.  1.  1. -1.] exp=[0 2 3 6 7] xth=[1 0 6 7 0]
t18 z_h=[ 0. -1.  1.  0. -1.] exp=[0 1 4 6 8] xth=[2 0 5 7 0]
t19 z_h=[ 1. -1.  0.  1. -1.] exp=[0 2 4 5 8] xth=[1 0 6 7 0]
seed=28, LC2=False, LC3=True, predictSuccess:False
t00 z_h=[ 0. -1.  0.  0. -1.] exp=[0 1 3 5 7] xth=[0 0 0 0 0]
t01 z_h=[ 1. -1.  1.  1. -1.] exp=[0 2 3 6 7] xth=[1 0 0 0 0]
t02 z_h=[ 0. -1.  0.  0. -1.] exp=[0 1 3 5 7] xth=[2 0 5 7 0]
t03 z_h=[ 1. -1.  0.  1. -1.] exp=[0 2 4 5 8] xth=[1 0 0 7 0]
t04 z_h=[ 0. -1.  1.  0. -1.] exp=[0 1 4 6 8] xth=[2 0 5 7 0]
t05 z_h=[ 1. -1.  0.  1. -1.] exp=[0 2 4 5 8] xth=[1 0 6 7 0]
t06 z_h=[ 0. -1.  0.  0. -1.] exp=[0 1 3 5 7] xth=[2 0 5 7 0]
t07 z_h=[ 1. -1.  1.  1. -1.] exp=[0 2 3 6 7] xth=[1 0 6 7 0]
t08 z_h=[ 0. -1.  1.  0. -1.] exp=[0 1 4 6 8] xth=[2 0 5 7 0]
t09 z_h=[ 1. -1.  1.  1. -1.] exp=[0 2 3 6 7] xth=[1 0 6 7 0]
t10 z_h=[ 0. -1.  1.  0. -1.] exp=[0 1 4 6 8] xth=[2 0 5 7 0]
t11 z_h=[ 1. -1.  1.  1. -1.] exp=[0 2 3 6 7] xth=[1 0 6 7 0]
t12 z_h=[ 0. -1.  1.  0. -1.] exp=[0 1 4 6 8] xth=[2 0 5 7 0]
t13 z_h=[ 1. -1.  1.  1. -1.] exp=[0 2 3 6 7] xth=[1 0 6 7 0]
t14 z_h=[ 0. -1.  1.  0. -1.] exp=[0 1 4 6 8] xth=[2 0 5 7 0]
t15 z_h=[ 1. -1.  1.  1. -1.] exp=[0 2 3 6 7] xth=[1 0 6 7 0]
t16 z_h=[ 0. -1.  0.  0. -1.] exp=[0 1 3 5 7] xth=[2 0 5 7 0]
t17 z_h=[ 1. -1.  1.  1. -1.] exp=[0 2 3 6 7] xth=[1 0 6 7 0]
t18 z_h=[ 0. -1.  0.  0. -1.] exp=[0 1 3 5 7] xth=[2 0 5 7 0]
t19 z_h=[ 1. -1.  1.  1. -1.] exp=[0 2 3 6 7] xth=[1 0 6 7 0]
seed=29, LC2=False, LC3=False, predictSuccess:False
t00 z_h=[ 0. -1.  0.  0. -1.] exp=[0 1 3 5 7] xth=[0 0 0 0 0]
t01 z_h=[ 1. -1.  0.  2. -1.] exp=[0 2 4 5 8] xth=[1 0 0 7 0]
t02 z_h=[ 0. -1.  3.  0. -1.] exp=[0 1 4 6 8] xth=[0 0 5 0 0]
t03 z_h=[ 1. -1.  1.  1. -1.] exp=[0 2 3 6 7] xth=[1 0 0 0 0]
t04 z_h=[ 0. -1.  0.  0. -1.] exp=[0 1 3 5 7] xth=[2 0 5 7 0]
t05 z_h=[ 1. -1.  1.  1. -1.] exp=[0 2 3 6 7] xth=[1 0 6 7 0]
t06 z_h=[ 0. -1.  1.  0. -1.] exp=[0 1 4 6 8] xth=[2 0 5 7 0]
t07 z_h=[ 1. -1.  0.  1. -1.] exp=[0 2 4 5 8] xth=[1 0 6 7 0]
t08 z_h=[ 0. -1.  1.  0. -1.] exp=[0 1 4 6 8] xth=[2 0 5 7 0]
t09 z_h=[ 1. -1.  0.  1. -1.] exp=[0 2 4 5 8] xth=[1 0 6 7 0]
t10 z_h=[ 0. -1.  0.  0. -1.] exp=[0 1 3 5 7] xth=[2 0 5 7 0]
t11 z_h=[ 1. -1.  0.  1. -1.] exp=[0 2 4 5 8] xth=[1 0 6 7 0]
t12 z_h=[ 0. -1.  1.  0. -1.] exp=[0 1 4 6 8] xth=[2 0 5 7 0]
t13 z_h=[ 1. -1.  1.  1. -1.] exp=[0 2 3 6 7] xth=[1 0 6 7 0]
t14 z_h=[ 0. -1.  1.  0. -1.] exp=[0 1 4 6 8] xth=[2 0 5 7 0]
t15 z_h=[ 1. -1.  1.  1. -1.] exp=[0 2 3 6 7] xth=[1 0 6 7 0]
t16 z_h=[ 0. -1.  0.  0. -1.] exp=[0 1 3 5 7] xth=[2 0 5 7 0]
t17 z_h=[ 1. -1.  0.  1. -1.] exp=[0 2 4 5 8] xth=[1 0 6 7 0]
t18 z_h=[ 0. -1.  0.  0. -1.] exp=[0 1 3 5 7] xth=[2 0 5 7 0]
t19 z_h=[ 1. -1.  0.  1. -1.] exp=[0 2 4 5 8] xth=[1 0 6 7 0]
seed=30, LC2=True, LC3=True, predictSuccess:True
t00 z_h=[ 0. -1.  0.  0. -1.] exp=[0 1 4 6 8] xth=[0 0 0 0 0]
t01 z_h=[ 1. -1.  1.  1. -1.] exp=[0 2 4 5 8] xth=[1 0 0 0 0]
t02 z_h=[ 0. -1.  0.  0. -1.] exp=[0 1 3 5 7] xth=[2 0 0 0 0]
t03 z_h=[ 1. -1.  1.  1. -1.] exp=[0 2 4 5 8] xth=[1 0 5 8 0]
t04 z_h=[ 0. -1.  0.  0. -1.] exp=[0 1 4 6 8] xth=[2 0 6 8 0]
t05 z_h=[ 1. -1.  1.  1. -1.] exp=[0 2 4 5 8] xth=[1 0 5 8 0]
t06 z_h=[ 0. -1.  0.  0. -1.] exp=[0 1 3 5 7] xth=[2 0 5 7 0]
t07 z_h=[ 1. -1.  1.  1. -1.] exp=[0 2 3 6 7] xth=[1 0 0 0 0]
t08 z_h=[ 0. -1.  0.  0. -1.] exp=[0 1 4 6 8] xth=[2 0 6 8 0]
t09 z_h=[ 1. -1.  1.  1. -1.] exp=[0 2 3 6 7] xth=[1 0 6 7 0]
t10 z_h=[ 0. -1.  0.  0. -1.] exp=[0 1 4 6 8] xth=[2 0 6 8 0]
t11 z_h=[ 1. -1.  1.  1. -1.] exp=[0 2 3 6 7] xth=[1 0 6 7 0]
t12 z_h=[ 0. -1.  0.  0. -1.] exp=[0 1 4 6 8] xth=[2 0 6 8 0]
t13 z_h=[ 1. -1.  1.  1. -1.] exp=[0 2 3 6 7] xth=[1 0 6 7 0]
t14 z_h=[ 0. -1.  0.  0. -1.] exp=[0 1 4 6 8] xth=[2 0 6 8 0]
t15 z_h=[ 1. -1.  1.  1. -1.] exp=[0 2 3 6 7] xth=[1 0 6 7 0]
t16 z_h=[ 0. -1.  0.  0. -1.] exp=[0 1 4 6 8] xth=[2 0 6 8 0]
t17 z_h=[ 1. -1.  1.  1. -1.] exp=[0 2 4 5 8] xth=[1 0 5 8 0]
t18 z_h=[ 0. -1.  0.  0. -1.] exp=[0 1 3 5 7] xth=[2 0 5 7 0]
t19 z_h=[ 1. -1.  1.  1. -1.] exp=[0 2 3 6 7] xth=[1 0 6 7 0]
seed=31, LC2=False, LC3=True, predictSuccess:False
t00 z_h=[ 0. -1.  0.  0. -1.] exp=[0 1 3 5 7] xth=[0 0 0 0 0]
t01 z_h=[ 1. -1.  1.  1. -1.] exp=[0 2 3 6 7] xth=[1 0 0 0 0]
t02 z_h=[ 0. -1.  0.  0. -1.] exp=[0 1 3 5 7] xth=[2 0 5 7 0]
t03 z_h=[ 1. -1.  0.  1. -1.] exp=[0 2 4 5 8] xth=[1 0 0 7 0]
t04 z_h=[ 0. -1.  0.  0. -1.] exp=[0 1 3 5 7] xth=[2 0 5 7 0]
t05 z_h=[ 1. -1.  1.  1. -1.] exp=[0 2 3 6 7] xth=[1 0 6 7 0]
t06 z_h=[ 0. -1.  0.  0. -1.] exp=[0 1 3 5 7] xth=[2 0 5 7 0]
t07 z_h=[ 1. -1.  1.  1. -1.] exp=[0 2 3 6 7] xth=[1 0 6 7 0]
t08 z_h=[ 0. -1.  0.  0. -1.] exp=[0 1 3 5 7] xth=[2 0 5 7 0]
t09 z_h=[ 1. -1.  0.  1. -1.] exp=[0 2 4 5 8] xth=[1 0 0 7 0]
t10 z_h=[ 0. -1.  0.  0. -1.] exp=[0 1 3 5 7] xth=[2 0 5 7 0]
t11 z_h=[ 1. -1.  0.  1. -1.] exp=[0 2 4 5 8] xth=[1 0 0 7 0]
t12 z_h=[ 0. -1.  0.  0. -1.] exp=[0 1 3 5 7] xth=[2 0 5 7 0]
t13 z_h=[ 1. -1.  1.  1. -1.] exp=[0 2 3 6 7] xth=[1 0 6 7 0]
t14 z_h=[ 0. -1.  1.  0. -1.] exp=[0 1 4 6 8] xth=[2 0 5 7 0]
t15 z_h=[ 1. -1.  1.  1. -1.] exp=[0 2 3 6 7] xth=[1 0 6 7 0]
t16 z_h=[ 0. -1.  1.  0. -1.] exp=[0 1 4 6 8] xth=[2 0 5 7 0]
t17 z_h=[ 1. -1.  0.  1. -1.] exp=[0 2 4 5 8] xth=[1 0 6 7 0]
t18 z_h=[ 0. -1.  0.  0. -1.] exp=[0 1 3 5 7] xth=[2 0 5 7 0]
t19 z_h=[ 1. -1.  1.  1. -1.] exp=[0 2 3 6 7] xth=[1 0 6 7 0]
seed=32, LC2=True, LC3=True, predictSuccess:True
t00 z_h=[ 0. -1.  0.  0. -1.] exp=[0 1 3 5 7] xth=[0 0 0 0 0]
t01 z_h=[ 1. -1.  1.  1. -1.] exp=[0 2 3 6 7] xth=[1 0 0 0 0]
t02 z_h=[ 0. -1.  0.  0. -1.] exp=[0 1 4 6 8] xth=[2 0 0 0 0]
t03 z_h=[ 1. -1.  1.  1. -1.] exp=[0 2 4 5 8] xth=[1 0 0 0 0]
t04 z_h=[ 0. -1.  0.  0. -1.] exp=[0 1 3 5 7] xth=[2 0 5 7 0]
t05 z_h=[ 1. -1.  1.  1. -1.] exp=[0 2 4 5 8] xth=[1 0 5 8 0]
t06 z_h=[ 0. -1.  0.  0. -1.] exp=[0 1 4 6 8] xth=[2 0 6 8 0]
t07 z_h=[ 1. -1.  1.  1. -1.] exp=[0 2 4 5 8] xth=[1 0 5 8 0]
t08 z_h=[ 0. -1.  0.  0. -1.] exp=[0 1 3 5 7] xth=[2 0 5 7 0]
t09 z_h=[ 1. -1.  1.  1. -1.] exp=[0 2 3 6 7] xth=[1 0 6 7 0]
t10 z_h=[ 0. -1.  0.  0. -1.] exp=[0 1 3 5 7] xth=[2 0 5 7 0]
t11 z_h=[ 1. -1.  1.  1. -1.] exp=[0 2 4 5 8] xth=[1 0 5 8 0]
t12 z_h=[ 0. -1.  0.  0. -1.] exp=[0 1 4 6 8] xth=[2 0 6 8 0]
t13 z_h=[ 1. -1.  1.  1. -1.] exp=[0 2 3 6 7] xth=[1 0 6 7 0]
t14 z_h=[ 0. -1.  0.  0. -1.] exp=[0 1 4 6 8] xth=[2 0 6 8 0]
t15 z_h=[ 1. -1.  1.  1. -1.] exp=[0 2 3 6 7] xth=[1 0 6 7 0]
t16 z_h=[ 0. -1.  0.  0. -1.] exp=[0 1 3 5 7] xth=[2 0 5 7 0]
t17 z_h=[ 1. -1.  1.  1. -1.] exp=[0 2 3 6 7] xth=[1 0 6 7 0]
t18 z_h=[ 0. -1.  0.  0. -1.] exp=[0 1 4 6 8] xth=[2 0 6 8 0]
t19 z_h=[ 1. -1.  1.  1. -1.] exp=[0 2 4 5 8] xth=[1 0 5 8 0]
seed=33, LC2=False, LC3=True, predictSuccess:False
t00 z_h=[ 0. -1.  0.  0. -1.] exp=[0 1 4 6 8] xth=[0 0 0 0 0]
t01 z_h=[ 1. -1.  0.  2. -1.] exp=[0 2 3 6 7] xth=[1 0 0 8 0]
t02 z_h=[ 0. -1.  3.  0. -1.] exp=[0 1 3 5 7] xth=[0 0 6 0 0]
t03 z_h=[ 1. -1.  0.  1. -1.] exp=[0 2 3 6 7] xth=[1 0 0 8 0]
t04 z_h=[ 0. -1.  1.  0. -1.] exp=[0 1 3 5 7] xth=[2 0 6 0 0]
t05 z_h=[ 1. -1.  1.  1. -1.] exp=[0 2 4 5 8] xth=[1 0 0 0 0]
t06 z_h=[ 0. -1.  1.  0. -1.] exp=[0 1 3 5 7] xth=[2 0 6 8 0]
t07 z_h=[ 1. -1.  0.  1. -1.] exp=[0 2 3 6 7] xth=[1 0 5 8 0]
t08 z_h=[ 0. -1.  0.  0. -1.] exp=[0 1 4 6 8] xth=[2 0 6 8 0]
t09 z_h=[ 1. -1.  1.  1. -1.] exp=[0 2 4 5 8] xth=[1 0 5 8 0]
t10 z_h=[ 0. -1.  1.  0. -1.] exp=[0 1 3 5 7] xth=[2 0 6 8 0]
t11 z_h=[ 1. -1.  0.  1. -1.] exp=[0 2 3 6 7] xth=[1 0 5 8 0]
t12 z_h=[ 0. -1.  0.  0. -1.] exp=[0 1 4 6 8] xth=[2 0 6 8 0]
t13 z_h=[ 1. -1.  1.  1. -1.] exp=[0 2 4 5 8] xth=[1 0 5 8 0]
t14 z_h=[ 0. -1.  1.  0. -1.] exp=[0 1 3 5 7] xth=[2 0 6 8 0]
t15 z_h=[ 1. -1.  0.  1. -1.] exp=[0 2 3 6 7] xth=[1 0 5 8 0]
t16 z_h=[ 0. -1.  1.  0. -1.] exp=[0 1 3 5 7] xth=[2 0 6 8 0]
t17 z_h=[ 1. -1.  1.  1. -1.] exp=[0 2 4 5 8] xth=[1 0 5 8 0]
t18 z_h=[ 0. -1.  1.  0. -1.] exp=[0 1 3 5 7] xth=[2 0 6 8 0]
t19 z_h=[ 1. -1.  0.  1. -1.] exp=[0 2 3 6 7] xth=[1 0 5 8 0]
seed=34, LC2=True, LC3=True, predictSuccess:True
t00 z_h=[ 0. -1.  0.  0. -1.] exp=[0 1 3 5 7] xth=[0 0 0 0 0]
t01 z_h=[ 1. -1.  1.  1. -1.] exp=[0 2 3 6 7] xth=[1 0 0 0 0]
t02 z_h=[ 0. -1.  0.  0. -1.] exp=[0 1 4 6 8] xth=[2 0 0 0 0]
t03 z_h=[ 1. -1.  1.  1. -1.] exp=[0 2 3 6 7] xth=[1 0 6 7 0]
t04 z_h=[ 0. -1.  0.  0. -1.] exp=[0 1 4 6 8] xth=[2 0 6 8 0]
t05 z_h=[ 1. -1.  1.  1. -1.] exp=[0 2 4 5 8] xth=[1 0 0 0 0]
t06 z_h=[ 0. -1.  0.  0. -1.] exp=[0 1 4 6 8] xth=[2 0 6 8 0]
t07 z_h=[ 1. -1.  1.  1. -1.] exp=[0 2 3 6 7] xth=[1 0 6 7 0]
t08 z_h=[ 0. -1.  0.  0. -1.] exp=[0 1 4 6 8] xth=[2 0 6 8 0]
t09 z_h=[ 1. -1.  1.  1. -1.] exp=[0 2 4 5 8] xth=[1 0 5 8 0]
t10 z_h=[ 0. -1.  0.  0. -1.] exp=[0 1 4 6 8] xth=[2 0 6 8 0]
t11 z_h=[ 1. -1.  1.  1. -1.] exp=[0 2 4 5 8] xth=[1 0 5 8 0]
t12 z_h=[ 0. -1.  0.  0. -1.] exp=[0 1 4 6 8] xth=[2 0 6 8 0]
t13 z_h=[ 1. -1.  1.  1. -1.] exp=[0 2 4 5 8] xth=[1 0 5 8 0]
t14 z_h=[ 0. -1.  0.  0. -1.] exp=[0 1 3 5 7] xth=[2 0 5 7 0]
t15 z_h=[ 1. -1.  1.  1. -1.] exp=[0 2 3 6 7] xth=[1 0 6 7 0]
t16 z_h=[ 0. -1.  0.  0. -1.] exp=[0 1 4 6 8] xth=[2 0 6 8 0]
t17 z_h=[ 1. -1.  1.  1. -1.] exp=[0 2 3 6 7] xth=[1 0 6 7 0]
t18 z_h=[ 0. -1.  0.  0. -1.] exp=[0 1 3 5 7] xth=[2 0 5 7 0]
t19 z_h=[ 1. -1.  1.  1. -1.] exp=[0 2 4 5 8] xth=[1 0 5 8 0]
seed=35, LC2=False, LC3=False, predictSuccess:False
t00 z_h=[ 0. -1.  0.  0. -1.] exp=[0 1 3 5 7] xth=[0 0 0 0 0]
t01 z_h=[ 1. -1.  0.  2. -1.] exp=[0 2 4 5 8] xth=[1 0 0 7 0]
t02 z_h=[ 0. -1.  3.  0. -1.] exp=[0 1 4 6 8] xth=[0 0 5 0 0]
t03 z_h=[ 1. -1.  0.  1. -1.] exp=[0 2 4 5 8] xth=[1 0 0 7 0]
t04 z_h=[ 0. -1.  1.  0. -1.] exp=[0 1 4 6 8] xth=[2 0 5 0 0]
t05 z_h=[ 1. -1.  1.  1. -1.] exp=[0 2 3 6 7] xth=[1 0 0 0 0]
t06 z_h=[ 0. -1.  1.  0. -1.] exp=[0 1 4 6 8] xth=[2 0 5 7 0]
t07 z_h=[ 1. -1.  0.  1. -1.] exp=[0 2 4 5 8] xth=[1 0 6 7 0]
t08 z_h=[ 0. -1.  0.  0. -1.] exp=[0 1 3 5 7] xth=[2 0 5 7 0]
t09 z_h=[ 1. -1.  1.  1. -1.] exp=[0 2 3 6 7] xth=[1 0 6 7 0]
t10 z_h=[ 0. -1.  1.  0. -1.] exp=[0 1 4 6 8] xth=[2 0 5 7 0]
t11 z_h=[ 1. -1.  0.  1. -1.] exp=[0 2 4 5 8] xth=[1 0 6 7 0]
t12 z_h=[ 0. -1.  0.  0. -1.] exp=[0 1 3 5 7] xth=[2 0 5 7 0]
t13 z_h=[ 1. -1.  1.  1. -1.] exp=[0 2 3 6 7] xth=[1 0 6 7 0]
t14 z_h=[ 0. -1.  1.  0. -1.] exp=[0 1 4 6 8] xth=[2 0 5 7 0]
t15 z_h=[ 1. -1.  1.  1. -1.] exp=[0 2 3 6 7] xth=[1 0 6 7 0]
t16 z_h=[ 0. -1.  1.  0. -1.] exp=[0 1 4 6 8] xth=[2 0 5 7 0]
t17 z_h=[ 1. -1.  1.  1. -1.] exp=[0 2 3 6 7] xth=[1 0 6 7 0]
t18 z_h=[ 0. -1.  1.  0. -1.] exp=[0 1 4 6 8] xth=[2 0 5 7 0]
t19 z_h=[ 1. -1.  1.  1. -1.] exp=[0 2 3 6 7] xth=[1 0 6 7 0]
seed=36, LC2=True, LC3=True, predictSuccess:True
t00 z_h=[ 0. -1.  0.  0. -1.] exp=[0 1 3 5 7] xth=[0 0 0 0 0]
t01 z_h=[ 1. -1.  1.  1. -1.] exp=[0 2 3 6 7] xth=[1 0 0 0 0]
t02 z_h=[ 0. -1.  0.  0. -1.] exp=[0 1 3 5 7] xth=[2 0 5 7 0]
t03 z_h=[ 1. -1.  1.  1. -1.] exp=[0 2 3 6 7] xth=[1 0 6 7 0]
t04 z_h=[ 0. -1.  0.  0. -1.] exp=[0 1 3 5 7] xth=[2 0 5 7 0]
t05 z_h=[ 1. -1.  1.  1. -1.] exp=[0 2 3 6 7] xth=[1 0 6 7 0]
t06 z_h=[ 0. -1.  0.  0. -1.] exp=[0 1 4 6 8] xth=[2 0 0 0 0]
t07 z_h=[ 1. -1.  1.  1. -1.] exp=[0 2 4 5 8] xth=[1 0 0 0 0]
t08 z_h=[ 0. -1.  0.  0. -1.] exp=[0 1 3 5 7] xth=[2 0 5 7 0]
t09 z_h=[ 1. -1.  1.  1. -1.] exp=[0 2 4 5 8] xth=[1 0 5 8 0]
t10 z_h=[ 0. -1.  0.  0. -1.] exp=[0 1 4 6 8] xth=[2 0 6 8 0]
t11 z_h=[ 1. -1.  1.  1. -1.] exp=[0 2 3 6 7] xth=[1 0 6 7 0]
t12 z_h=[ 0. -1.  0.  0. -1.] exp=[0 1 3 5 7] xth=[2 0 5 7 0]
t13 z_h=[ 1. -1.  1.  1. -1.] exp=[0 2 4 5 8] xth=[1 0 5 8 0]
t14 z_h=[ 0. -1.  0.  0. -1.] exp=[0 1 4 6 8] xth=[2 0 6 8 0]
t15 z_h=[ 1. -1.  1.  1. -1.] exp=[0 2 4 5 8] xth=[1 0 5 8 0]
t16 z_h=[ 0. -1.  0.  0. -1.] exp=[0 1 3 5 7] xth=[2 0 5 7 0]
t17 z_h=[ 1. -1.  1.  1. -1.] exp=[0 2 3 6 7] xth=[1 0 6 7 0]
t18 z_h=[ 0. -1.  0.  0. -1.] exp=[0 1 4 6 8] xth=[2 0 6 8 0]
t19 z_h=[ 1. -1.  1.  1. -1.] exp=[0 2 4 5 8] xth=[1 0 5 8 0]
seed=37, LC2=True, LC3=True, predictSuccess:True
t00 z_h=[ 0. -1.  0.  0. -1.] exp=[0 1 3 5 7] xth=[0 0 0 0 0]
t01 z_h=[ 1. -1.  1.  1. -1.] exp=[0 2 3 6 7] xth=[1 0 0 0 0]
t02 z_h=[ 0. -1.  0.  0. -1.] exp=[0 1 4 6 8] xth=[2 0 0 0 0]
t03 z_h=[ 1. -1.  1.  1. -1.] exp=[0 2 4 5 8] xth=[1 0 0 0 0]
t04 z_h=[ 0. -1.  0.  0. -1.] exp=[0 1 4 6 8] xth=[2 0 6 8 0]
t05 z_h=[ 1. -1.  1.  1. -1.] exp=[0 2 3 6 7] xth=[1 0 6 7 0]
t06 z_h=[ 0. -1.  0.  0. -1.] exp=[0 1 3 5 7] xth=[2 0 5 7 0]
t07 z_h=[ 1. -1.  1.  1. -1.] exp=[0 2 3 6 7] xth=[1 0 6 7 0]
t08 z_h=[ 0. -1.  0.  0. -1.] exp=[0 1 3 5 7] xth=[2 0 5 7 0]
t09 z_h=[ 1. -1.  1.  1. -1.] exp=[0 2 3 6 7] xth=[1 0 6 7 0]
t10 z_h=[ 0. -1.  0.  0. -1.] exp=[0 1 3 5 7] xth=[2 0 5 7 0]
t11 z_h=[ 1. -1.  1.  1. -1.] exp=[0 2 4 5 8] xth=[1 0 5 8 0]
t12 z_h=[ 0. -1.  0.  0. -1.] exp=[0 1 4 6 8] xth=[2 0 6 8 0]
t13 z_h=[ 1. -1.  1.  1. -1.] exp=[0 2 3 6 7] xth=[1 0 6 7 0]
t14 z_h=[ 0. -1.  0.  0. -1.] exp=[0 1 4 6 8] xth=[2 0 6 8 0]
t15 z_h=[ 1. -1.  1.  1. -1.] exp=[0 2 4 5 8] xth=[1 0 5 8 0]
t16 z_h=[ 0. -1.  0.  0. -1.] exp=[0 1 4 6 8] xth=[2 0 6 8 0]
t17 z_h=[ 1. -1.  1.  1. -1.] exp=[0 2 3 6 7] xth=[1 0 6 7 0]
t18 z_h=[ 0. -1.  0.  0. -1.] exp=[0 1 4 6 8] xth=[2 0 6 8 0]
t19 z_h=[ 1. -1.  1.  1. -1.] exp=[0 2 4 5 8] xth=[1 0 5 8 0]
seed=38, LC2=True, LC3=True, predictSuccess:True
t00 z_h=[ 0. -1.  0.  0. -1.] exp=[0 1 4 6 8] xth=[0 0 0 0 0]
t01 z_h=[ 1. -1.  1.  1. -1.] exp=[0 2 4 5 8] xth=[1 0 0 0 0]
t02 z_h=[ 0. -1.  0.  0. -1.] exp=[0 1 3 5 7] xth=[2 0 0 0 0]
t03 z_h=[ 1. -1.  1.  1. -1.] exp=[0 2 3 6 7] xth=[1 0 0 0 0]
t04 z_h=[ 0. -1.  0.  0. -1.] exp=[0 1 3 5 7] xth=[2 0 5 7 0]
t05 z_h=[ 1. -1.  1.  1. -1.] exp=[0 2 4 5 8] xth=[1 0 5 8 0]
t06 z_h=[ 0. -1.  0.  0. -1.] exp=[0 1 3 5 7] xth=[2 0 5 7 0]
t07 z_h=[ 1. -1.  1.  1. -1.] exp=[0 2 4 5 8] xth=[1 0 5 8 0]
t08 z_h=[ 0. -1.  0.  0. -1.] exp=[0 1 3 5 7] xth=[2 0 5 7 0]
t09 z_h=[ 1. -1.  1.  1. -1.] exp=[0 2 4 5 8] xth=[1 0 5 8 0]
t10 z_h=[ 0. -1.  0.  0. -1.] exp=[0 1 3 5 7] xth=[2 0 5 7 0]
t11 z_h=[ 1. -1.  1.  1. -1.] exp=[0 2 4 5 8] xth=[1 0 5 8 0]
t12 z_h=[ 0. -1.  0.  0. -1.] exp=[0 1 4 6 8] xth=[2 0 6 8 0]
t13 z_h=[ 1. -1.  1.  1. -1.] exp=[0 2 3 6 7] xth=[1 0 6 7 0]
t14 z_h=[ 0. -1.  0.  0. -1.] exp=[0 1 3 5 7] xth=[2 0 5 7 0]
t15 z_h=[ 1. -1.  1.  1. -1.] exp=[0 2 3 6 7] xth=[1 0 6 7 0]
t16 z_h=[ 0. -1.  0.  0. -1.] exp=[0 1 3 5 7] xth=[2 0 5 7 0]
t17 z_h=[ 1. -1.  1.  1. -1.] exp=[0 2 3 6 7] xth=[1 0 6 7 0]
t18 z_h=[ 0. -1.  0.  0. -1.] exp=[0 1 4 6 8] xth=[2 0 6 8 0]
t19 z_h=[ 1. -1.  1.  1. -1.] exp=[0 2 4 5 8] xth=[1 0 5 8 0]
seed=39, LC2=True, LC3=True, predictSuccess:True
t00 z_h=[ 0. -1.  0.  0. -1.] exp=[0 1 4 6 8] xth=[0 0 0 0 0]
t01 z_h=[ 1. -1.  1.  1. -1.] exp=[0 2 4 5 8] xth=[1 0 0 0 0]
t02 z_h=[ 0. -1.  0.  0. -1.] exp=[0 1 3 5 7] xth=[2 0 0 0 0]
t03 z_h=[ 1. -1.  1.  1. -1.] exp=[0 2 3 6 7] xth=[1 0 0 0 0]
t04 z_h=[ 0. -1.  0.  0. -1.] exp=[0 1 4 6 8] xth=[2 0 6 8 0]
t05 z_h=[ 1. -1.  1.  1. -1.] exp=[0 2 4 5 8] xth=[1 0 5 8 0]
t06 z_h=[ 0. -1.  0.  0. -1.] exp=[0 1 4 6 8] xth=[2 0 6 8 0]
t07 z_h=[ 1. -1.  1.  1. -1.] exp=[0 2 4 5 8] xth=[1 0 5 8 0]
t08 z_h=[ 0. -1.  0.  0. -1.] exp=[0 1 3 5 7] xth=[2 0 5 7 0]
t09 z_h=[ 1. -1.  1.  1. -1.] exp=[0 2 3 6 7] xth=[1 0 6 7 0]
t10 z_h=[ 0. -1.  0.  0. -1.] exp=[0 1 3 5 7] xth=[2 0 5 7 0]
t11 z_h=[ 1. -1.  1.  1. -1.] exp=[0 2 3 6 7] xth=[1 0 6 7 0]
t12 z_h=[ 0. -1.  0.  0. -1.] exp=[0 1 4 6 8] xth=[2 0 6 8 0]
t13 z_h=[ 1. -1.  1.  1. -1.] exp=[0 2 4 5 8] xth=[1 0 5 8 0]
t14 z_h=[ 0. -1.  0.  0. -1.] exp=[0 1 3 5 7] xth=[2 0 5 7 0]
t15 z_h=[ 1. -1.  1.  1. -1.] exp=[0 2 3 6 7] xth=[1 0 6 7 0]
t16 z_h=[ 0. -1.  0.  0. -1.] exp=[0 1 4 6 8] xth=[2 0 6 8 0]
t17 z_h=[ 1. -1.  1.  1. -1.] exp=[0 2 3 6 7] xth=[1 0 6 7 0]
t18 z_h=[ 0. -1.  0.  0. -1.] exp=[0 1 3 5 7] xth=[2 0 5 7 0]
t19 z_h=[ 1. -1.  1.  1. -1.] exp=[0 2 3 6 7] xth=[1 0 6 7 0]
seed=40, LC2=False, LC3=True, predictSuccess:False
t00 z_h=[ 0. -1.  0.  0. -1.] exp=[0 1 4 6 8] xth=[0 0 0 0 0]
t01 z_h=[ 1. -1.  0.  2. -1.] exp=[0 2 3 6 7] xth=[1 0 0 8 0]
t02 z_h=[ 0. -1.  3.  0. -1.] exp=[0 1 3 5 7] xth=[0 0 6 0 0]
t03 z_h=[ 1. -1.  1.  1. -1.] exp=[0 2 4 5 8] xth=[1 0 0 0 0]
t04 z_h=[ 0. -1.  1.  0. -1.] exp=[0 1 3 5 7] xth=[2 0 6 8 0]
t05 z_h=[ 1. -1.  1.  1. -1.] exp=[0 2 4 5 8] xth=[1 0 5 8 0]
t06 z_h=[ 0. -1.  0.  0. -1.] exp=[0 1 4 6 8] xth=[2 0 6 8 0]
t07 z_h=[ 1. -1.  1.  1. -1.] exp=[0 2 4 5 8] xth=[1 0 5 8 0]
t08 z_h=[ 0. -1.  0.  0. -1.] exp=[0 1 4 6 8] xth=[2 0 6 8 0]
t09 z_h=[ 1. -1.  0.  1. -1.] exp=[0 2 3 6 7] xth=[1 0 5 8 0]
t10 z_h=[ 0. -1.  1.  0. -1.] exp=[0 1 3 5 7] xth=[2 0 6 8 0]
t11 z_h=[ 1. -1.  0.  1. -1.] exp=[0 2 3 6 7] xth=[1 0 5 8 0]
t12 z_h=[ 0. -1.  0.  0. -1.] exp=[0 1 4 6 8] xth=[2 0 6 8 0]
t13 z_h=[ 1. -1.  1.  1. -1.] exp=[0 2 4 5 8] xth=[1 0 5 8 0]
t14 z_h=[ 0. -1.  1.  0. -1.] exp=[0 1 3 5 7] xth=[2 0 6 8 0]
t15 z_h=[ 1. -1.  0.  1. -1.] exp=[0 2 3 6 7] xth=[1 0 5 8 0]
t16 z_h=[ 0. -1.  0.  0. -1.] exp=[0 1 4 6 8] xth=[2 0 6 8 0]
t17 z_h=[ 1. -1.  0.  1. -1.] exp=[0 2 3 6 7] xth=[1 0 5 8 0]
t18 z_h=[ 0. -1.  1.  0. -1.] exp=[0 1 3 5 7] xth=[2 0 6 8 0]
t19 z_h=[ 1. -1.  0.  1. -1.] exp=[0 2 3 6 7] xth=[1 0 5 8 0]
seed=41, LC2=False, LC3=True, predictSuccess:False
t00 z_h=[ 0. -1.  0.  0. -1.] exp=[0 1 4 6 8] xth=[0 0 0 0 0]
t01 z_h=[ 1. -1.  1.  1. -1.] exp=[0 2 4 5 8] xth=[1 0 0 0 0]
t02 z_h=[ 0. -1.  0.  0. -1.] exp=[0 1 4 6 8] xth=[2 0 6 8 0]
t03 z_h=[ 1. -1.  0.  1. -1.] exp=[0 2 3 6 7] xth=[1 0 0 8 0]
t04 z_h=[ 0. -1.  1.  0. -1.] exp=[0 1 3 5 7] xth=[2 0 6 8 0]
t05 z_h=[ 1. -1.  1.  1. -1.] exp=[0 2 4 5 8] xth=[1 0 5 8 0]
t06 z_h=[ 0. -1.  1.  0. -1.] exp=[0 1 3 5 7] xth=[2 0 6 8 0]
t07 z_h=[ 1. -1.  1.  1. -1.] exp=[0 2 4 5 8] xth=[1 0 5 8 0]
t08 z_h=[ 0. -1.  1.  0. -1.] exp=[0 1 3 5 7] xth=[2 0 6 8 0]
t09 z_h=[ 1. -1.  0.  1. -1.] exp=[0 2 3 6 7] xth=[1 0 5 8 0]
t10 z_h=[ 0. -1.  1.  0. -1.] exp=[0 1 3 5 7] xth=[2 0 6 8 0]
t11 z_h=[ 1. -1.  0.  1. -1.] exp=[0 2 3 6 7] xth=[1 0 5 8 0]
t12 z_h=[ 0. -1.  1.  0. -1.] exp=[0 1 3 5 7] xth=[2 0 6 8 0]
t13 z_h=[ 1. -1.  1.  1. -1.] exp=[0 2 4 5 8] xth=[1 0 5 8 0]
t14 z_h=[ 0. -1.  0.  0. -1.] exp=[0 1 4 6 8] xth=[2 0 6 8 0]
t15 z_h=[ 1. -1.  1.  1. -1.] exp=[0 2 4 5 8] xth=[1 0 5 8 0]
t16 z_h=[ 0. -1.  0.  0. -1.] exp=[0 1 4 6 8] xth=[2 0 6 8 0]
t17 z_h=[ 1. -1.  0.  1. -1.] exp=[0 2 3 6 7] xth=[1 0 5 8 0]
t18 z_h=[ 0. -1.  0.  0. -1.] exp=[0 1 4 6 8] xth=[2 0 6 8 0]
t19 z_h=[ 1. -1.  0.  1. -1.] exp=[0 2 3 6 7] xth=[1 0 5 8 0]
seed=42, LC2=False, LC3=True, predictSuccess:False
t00 z_h=[ 0. -1.  0.  0. -1.] exp=[0 1 4 6 8] xth=[0 0 0 0 0]
t01 z_h=[ 1. -1.  0.  2. -1.] exp=[0 2 3 6 7] xth=[1 0 0 8 0]
t02 z_h=[ 0. -1.  3.  0. -1.] exp=[0 1 3 5 7] xth=[0 0 6 0 0]
t03 z_h=[ 1. -1.  1.  1. -1.] exp=[0 2 4 5 8] xth=[1 0 0 0 0]
t04 z_h=[ 0. -1.  1.  0. -1.] exp=[0 1 3 5 7] xth=[2 0 6 8 0]
t05 z_h=[ 1. -1.  1.  1. -1.] exp=[0 2 4 5 8] xth=[1 0 5 8 0]
t06 z_h=[ 0. -1.  1.  0. -1.] exp=[0 1 3 5 7] xth=[2 0 6 8 0]
t07 z_h=[ 1. -1.  1.  1. -1.] exp=[0 2 4 5 8] xth=[1 0 5 8 0]
t08 z_h=[ 0. -1.  1.  0. -1.] exp=[0 1 3 5 7] xth=[2 0 6 8 0]
t09 z_h=[ 1. -1.  1.  1. -1.] exp=[0 2 4 5 8] xth=[1 0 5 8 0]
t10 z_h=[ 0. -1.  0.  0. -1.] exp=[0 1 4 6 8] xth=[2 0 6 8 0]
t11 z_h=[ 1. -1.  1.  1. -1.] exp=[0 2 4 5 8] xth=[1 0 5 8 0]
t12 z_h=[ 0. -1.  1.  0. -1.] exp=[0 1 3 5 7] xth=[2 0 6 8 0]
t13 z_h=[ 1. -1.  1.  1. -1.] exp=[0 2 4 5 8] xth=[1 0 5 8 0]
t14 z_h=[ 0. -1.  0.  0. -1.] exp=[0 1 4 6 8] xth=[2 0 6 8 0]
t15 z_h=[ 1. -1.  1.  1. -1.] exp=[0 2 4 5 8] xth=[1 0 5 8 0]
t16 z_h=[ 0. -1.  0.  0. -1.] exp=[0 1 4 6 8] xth=[2 0 6 8 0]
t17 z_h=[ 1. -1.  1.  1. -1.] exp=[0 2 4 5 8] xth=[1 0 5 8 0]
t18 z_h=[ 0. -1.  1.  0. -1.] exp=[0 1 3 5 7] xth=[2 0 6 8 0]
t19 z_h=[ 1. -1.  1.  1. -1.] exp=[0 2 4 5 8] xth=[1 0 5 8 0]
seed=43, LC2=True, LC3=True, predictSuccess:True
t00 z_h=[ 0. -1.  0.  0. -1.] exp=[0 1 4 6 8] xth=[0 0 0 0 0]
t01 z_h=[ 1. -1.  1.  1. -1.] exp=[0 2 4 5 8] xth=[1 0 0 0 0]
t02 z_h=[ 0. -1.  0.  0. -1.] exp=[0 1 3 5 7] xth=[2 0 0 0 0]
t03 z_h=[ 1. -1.  1.  1. -1.] exp=[0 2 3 6 7] xth=[1 0 0 0 0]
t04 z_h=[ 0. -1.  0.  0. -1.] exp=[0 1 4 6 8] xth=[2 0 6 8 0]
t05 z_h=[ 1. -1.  1.  1. -1.] exp=[0 2 4 5 8] xth=[1 0 5 8 0]
t06 z_h=[ 0. -1.  0.  0. -1.] exp=[0 1 4 6 8] xth=[2 0 6 8 0]
t07 z_h=[ 1. -1.  1.  1. -1.] exp=[0 2 4 5 8] xth=[1 0 5 8 0]
t08 z_h=[ 0. -1.  0.  0. -1.] exp=[0 1 3 5 7] xth=[2 0 5 7 0]
t09 z_h=[ 1. -1.  1.  1. -1.] exp=[0 2 3 6 7] xth=[1 0 6 7 0]
t10 z_h=[ 0. -1.  0.  0. -1.] exp=[0 1 3 5 7] xth=[2 0 5 7 0]
t11 z_h=[ 1. -1.  1.  1. -1.] exp=[0 2 3 6 7] xth=[1 0 6 7 0]
t12 z_h=[ 0. -1.  0.  0. -1.] exp=[0 1 3 5 7] xth=[2 0 5 7 0]
t13 z_h=[ 1. -1.  1.  1. -1.] exp=[0 2 4 5 8] xth=[1 0 5 8 0]
t14 z_h=[ 0. -1.  0.  0. -1.] exp=[0 1 4 6 8] xth=[2 0 6 8 0]
t15 z_h=[ 1. -1.  1.  1. -1.] exp=[0 2 4 5 8] xth=[1 0 5 8 0]
t16 z_h=[ 0. -1.  0.  0. -1.] exp=[0 1 4 6 8] xth=[2 0 6 8 0]
t17 z_h=[ 1. -1.  1.  1. -1.] exp=[0 2 3 6 7] xth=[1 0 6 7 0]
t18 z_h=[ 0. -1.  0.  0. -1.] exp=[0 1 4 6 8] xth=[2 0 6 8 0]
t19 z_h=[ 1. -1.  1.  1. -1.] exp=[0 2 3 6 7] xth=[1 0 6 7 0]
seed=44, LC2=True, LC3=True, predictSuccess:True
t00 z_h=[ 0. -1.  0.  0. -1.] exp=[0 1 4 6 8] xth=[0 0 0 0 0]
t01 z_h=[ 1. -1.  1.  1. -1.] exp=[0 2 4 5 8] xth=[1 0 0 0 0]
t02 z_h=[ 0. -1.  0.  0. -1.] exp=[0 1 3 5 7] xth=[2 0 0 0 0]
t03 z_h=[ 1. -1.  1.  1. -1.] exp=[0 2 4 5 8] xth=[1 0 5 8 0]
t04 z_h=[ 0. -1.  0.  0. -1.] exp=[0 1 4 6 8] xth=[2 0 6 8 0]
t05 z_h=[ 1. -1.  1.  1. -1.] exp=[0 2 4 5 8] xth=[1 0 5 8 0]
t06 z_h=[ 0. -1.  0.  0. -1.] exp=[0 1 4 6 8] xth=[2 0 6 8 0]
t07 z_h=[ 1. -1.  1.  1. -1.] exp=[0 2 4 5 8] xth=[1 0 5 8 0]
t08 z_h=[ 0. -1.  0.  0. -1.] exp=[0 1 3 5 7] xth=[2 0 5 7 0]
t09 z_h=[ 1. -1.  1.  1. -1.] exp=[0 2 3 6 7] xth=[1 0 0 0 0]
t10 z_h=[ 0. -1.  0.  0. -1.] exp=[0 1 3 5 7] xth=[2 0 5 7 0]
t11 z_h=[ 1. -1.  1.  1. -1.] exp=[0 2 4 5 8] xth=[1 0 5 8 0]
t12 z_h=[ 0. -1.  0.  0. -1.] exp=[0 1 3 5 7] xth=[2 0 5 7 0]
t13 z_h=[ 1. -1.  1.  1. -1.] exp=[0 2 4 5 8] xth=[1 0 5 8 0]
t14 z_h=[ 0. -1.  0.  0. -1.] exp=[0 1 4 6 8] xth=[2 0 6 8 0]
t15 z_h=[ 1. -1.  1.  1. -1.] exp=[0 2 3 6 7] xth=[1 0 6 7 0]
t16 z_h=[ 0. -1.  0.  0. -1.] exp=[0 1 3 5 7] xth=[2 0 5 7 0]
t17 z_h=[ 1. -1.  1.  1. -1.] exp=[0 2 4 5 8] xth=[1 0 5 8 0]
t18 z_h=[ 0. -1.  0.  0. -1.] exp=[0 1 4 6 8] xth=[2 0 6 8 0]
t19 z_h=[ 1. -1.  1.  1. -1.] exp=[0 2 3 6 7] xth=[1 0 6 7 0]
seed=45, LC2=False, LC3=True, predictSuccess:False
t00 z_h=[ 0. -1.  0.  0. -1.] exp=[0 1 3 5 7] xth=[0 0 0 0 0]
t01 z_h=[ 1. -1.  1.  1. -1.] exp=[0 2 3 6 7] xth=[1 0 0 0 0]
t02 z_h=[ 0. -1.  0.  0. -1.] exp=[0 1 3 5 7] xth=[2 0 5 7 0]
t03 z_h=[ 1. -1.  0.  1. -1.] exp=[0 2 4 5 8] xth=[1 0 0 7 0]
t04 z_h=[ 0. -1.  0.  0. -1.] exp=[0 1 3 5 7] xth=[2 0 5 7 0]
t05 z_h=[ 1. -1.  0.  1. -1.] exp=[0 2 4 5 8] xth=[1 0 0 7 0]
t06 z_h=[ 0. -1.  0.  0. -1.] exp=[0 1 3 5 7] xth=[2 0 5 7 0]
t07 z_h=[ 1. -1.  1.  1. -1.] exp=[0 2 3 6 7] xth=[1 0 6 7 0]
t08 z_h=[ 0. -1.  1.  0. -1.] exp=[0 1 4 6 8] xth=[2 0 5 7 0]
t09 z_h=[ 1. -1.  0.  1. -1.] exp=[0 2 4 5 8] xth=[1 0 6 7 0]
t10 z_h=[ 0. -1.  0.  0. -1.] exp=[0 1 3 5 7] xth=[2 0 5 7 0]
t11 z_h=[ 1. -1.  1.  1. -1.] exp=[0 2 3 6 7] xth=[1 0 6 7 0]
t12 z_h=[ 0. -1.  1.  0. -1.] exp=[0 1 4 6 8] xth=[2 0 5 7 0]
t13 z_h=[ 1. -1.  1.  1. -1.] exp=[0 2 3 6 7] xth=[1 0 6 7 0]
t14 z_h=[ 0. -1.  1.  0. -1.] exp=[0 1 4 6 8] xth=[2 0 5 7 0]
t15 z_h=[ 1. -1.  1.  1. -1.] exp=[0 2 3 6 7] xth=[1 0 6 7 0]
t16 z_h=[ 0. -1.  1.  0. -1.] exp=[0 1 4 6 8] xth=[2 0 5 7 0]
t17 z_h=[ 1. -1.  1.  1. -1.] exp=[0 2 3 6 7] xth=[1 0 6 7 0]
t18 z_h=[ 0. -1.  1.  0. -1.] exp=[0 1 4 6 8] xth=[2 0 5 7 0]
t19 z_h=[ 1. -1.  0.  1. -1.] exp=[0 2 4 5 8] xth=[1 0 6 7 0]
seed=46, LC2=False, LC3=True, predictSuccess:True
t00 z_h=[ 0. -1.  0.  0. -1.] exp=[0 1 4 6 8] xth=[0 0 0 0 0]
t01 z_h=[ 1. -1.  1.  1. -1.] exp=[0 2 4 5 8] xth=[1 0 0 0 0]
t02 z_h=[ 0. -1.  0.  0. -1.] exp=[0 1 4 6 8] xth=[2 0 6 8 0]
t03 z_h=[ 1. -1.  1.  1. -1.] exp=[0 2 4 5 8] xth=[1 0 5 8 0]
t04 z_h=[ 0. -1.  0.  0. -1.] exp=[0 1 4 6 8] xth=[2 0 6 8 0]
t05 z_h=[ 1. -1.  1.  1. -1.] exp=[0 2 4 5 8] xth=[1 0 5 8 0]
t06 z_h=[ 0. -1.  0.  0. -1.] exp=[0 1 4 6 8] xth=[2 0 6 8 0]
t07 z_h=[ 1. -1.  0.  1. -1.] exp=[0 2 3 6 7] xth=[1 0 0 8 0]
t08 z_h=[ 0. -1.  1.  0. -1.] exp=[0 1 3 5 7] xth=[2 0 6 8 0]
t09 z_h=[ 1. -1.  0.  1. -1.] exp=[0 2 3 6 7] xth=[1 0 5 8 0]
t10 z_h=[ 0. -1.  1.  0. -1.] exp=[0 1 3 5 7] xth=[2 0 6 8 0]
t11 z_h=[ 1. -1.  1.  1. -1.] exp=[0 2 4 5 8] xth=[1 0 5 8 0]
t12 z_h=[ 0. -1.  1.  0. -1.] exp=[0 1 3 5 7] xth=[2 0 6 8 0]
t13 z_h=[ 1. -1.  0.  1. -1.] exp=[0 2 3 6 7] xth=[1 0 5 8 0]
t14 z_h=[ 0. -1.  1.  0. -1.] exp=[0 1 3 5 7] xth=[2 0 6 8 0]
t15 z_h=[ 1. -1.  0.  1. -1.] exp=[0 2 3 6 7] xth=[1 0 5 8 0]
t16 z_h=[ 0. -1.  0.  0. -1.] exp=[0 1 4 6 8] xth=[2 0 6 8 0]
t17 z_h=[ 1. -1.  1.  1. -1.] exp=[0 2 4 5 8] xth=[1 0 5 8 0]
t18 z_h=[ 0. -1.  1.  0. -1.] exp=[0 1 3 5 7] xth=[2 0 6 8 0]
t19 z_h=[ 1. -1.  0.  1. -1.] exp=[0 2 3 6 7] xth=[1 0 5 8 0]
seed=47, LC2=True, LC3=True, predictSuccess:True
t00 z_h=[ 0. -1.  0.  0. -1.] exp=[0 1 3 5 7] xth=[0 0 0 0 0]
t01 z_h=[ 1. -1.  1.  1. -1.] exp=[0 2 3 6 7] xth=[1 0 0 0 0]
t02 z_h=[ 0. -1.  0.  0. -1.] exp=[0 1 4 6 8] xth=[2 0 0 0 0]
t03 z_h=[ 1. -1.  1.  1. -1.] exp=[0 2 4 5 8] xth=[1 0 0 0 0]
t04 z_h=[ 0. -1.  0.  0. -1.] exp=[0 1 4 6 8] xth=[2 0 6 8 0]
t05 z_h=[ 1. -1.  1.  1. -1.] exp=[0 2 3 6 7] xth=[1 0 6 7 0]
t06 z_h=[ 0. -1.  0.  0. -1.] exp=[0 1 3 5 7] xth=[2 0 5 7 0]
t07 z_h=[ 1. -1.  1.  1. -1.] exp=[0 2 4 5 8] xth=[1 0 5 8 0]
t08 z_h=[ 0. -1.  0.  0. -1.] exp=[0 1 4 6 8] xth=[2 0 6 8 0]
t09 z_h=[ 1. -1.  1.  1. -1.] exp=[0 2 3 6 7] xth=[1 0 6 7 0]
t10 z_h=[ 0. -1.  0.  0. -1.] exp=[0 1 3 5 7] xth=[2 0 5 7 0]
t11 z_h=[ 1. -1.  1.  1. -1.] exp=[0 2 3 6 7] xth=[1 0 6 7 0]
t12 z_h=[ 0. -1.  0.  0. -1.] exp=[0 1 3 5 7] xth=[2 0 5 7 0]
t13 z_h=[ 1. -1.  1.  1. -1.] exp=[0 2 3 6 7] xth=[1 0 6 7 0]
t14 z_h=[ 0. -1.  0.  0. -1.] exp=[0 1 3 5 7] xth=[2 0 5 7 0]
t15 z_h=[ 1. -1.  1.  1. -1.] exp=[0 2 4 5 8] xth=[1 0 5 8 0]
t16 z_h=[ 0. -1.  0.  0. -1.] exp=[0 1 3 5 7] xth=[2 0 5 7 0]
t17 z_h=[ 1. -1.  1.  1. -1.] exp=[0 2 3 6 7] xth=[1 0 6 7 0]
t18 z_h=[ 0. -1.  0.  0. -1.] exp=[0 1 4 6 8] xth=[2 0 6 8 0]
t19 z_h=[ 1. -1.  1.  1. -1.] exp=[0 2 4 5 8] xth=[1 0 5 8 0]
seed=48, LC2=True, LC3=True, predictSuccess:True
t00 z_h=[ 0. -1.  0.  0. -1.] exp=[0 1 4 6 8] xth=[0 0 0 0 0]
t01 z_h=[ 1. -1.  1.  1. -1.] exp=[0 2 4 5 8] xth=[1 0 0 0 0]
t02 z_h=[ 0. -1.  0.  0. -1.] exp=[0 1 4 6 8] xth=[2 0 6 8 0]
t03 z_h=[ 1. -1.  1.  1. -1.] exp=[0 2 4 5 8] xth=[1 0 5 8 0]
t04 z_h=[ 0. -1.  0.  0. -1.] exp=[0 1 3 5 7] xth=[2 0 0 0 0]
t05 z_h=[ 1. -1.  1.  1. -1.] exp=[0 2 4 5 8] xth=[1 0 5 8 0]
t06 z_h=[ 0. -1.  0.  0. -1.] exp=[0 1 4 6 8] xth=[2 0 6 8 0]
t07 z_h=[ 1. -1.  1.  1. -1.] exp=[0 2 4 5 8] xth=[1 0 5 8 0]
t08 z_h=[ 0. -1.  0.  0. -1.] exp=[0 1 3 5 7] xth=[2 0 5 7 0]
t09 z_h=[ 1. -1.  1.  1. -1.] exp=[0 2 3 6 7] xth=[1 0 0 0 0]
t10 z_h=[ 0. -1.  0.  0. -1.] exp=[0 1 4 6 8] xth=[2 0 6 8 0]
t11 z_h=[ 1. -1.  1.  1. -1.] exp=[0 2 4 5 8] xth=[1 0 5 8 0]
t12 z_h=[ 0. -1.  0.  0. -1.] exp=[0 1 3 5 7] xth=[2 0 5 7 0]
t13 z_h=[ 1. -1.  1.  1. -1.] exp=[0 2 3 6 7] xth=[1 0 6 7 0]
t14 z_h=[ 0. -1.  0.  0. -1.] exp=[0 1 4 6 8] xth=[2 0 6 8 0]
t15 z_h=[ 1. -1.  1.  1. -1.] exp=[0 2 4 5 8] xth=[1 0 5 8 0]
t16 z_h=[ 0. -1.  0.  0. -1.] exp=[0 1 3 5 7] xth=[2 0 5 7 0]
t17 z_h=[ 1. -1.  1.  1. -1.] exp=[0 2 3 6 7] xth=[1 0 6 7 0]
t18 z_h=[ 0. -1.  0.  0. -1.] exp=[0 1 3 5 7] xth=[2 0 5 7 0]
t19 z_h=[ 1. -1.  1.  1. -1.] exp=[0 2 4 5 8] xth=[1 0 5 8 0]
seed=49, LC2=True, LC3=True, predictSuccess:True
t00 z_h=[ 0. -1.  0.  0. -1.] exp=[0 1 3 5 7] xth=[0 0 0 0 0]
t01 z_h=[ 1. -1.  1.  1. -1.] exp=[0 2 3 6 7] xth=[1 0 0 0 0]
t02 z_h=[ 0. -1.  0.  0. -1.] exp=[0 1 4 6 8] xth=[2 0 0 0 0]
t03 z_h=[ 1. -1.  1.  1. -1.] exp=[0 2 3 6 7] xth=[1 0 6 7 0]
t04 z_h=[ 0. -1.  0.  0. -1.] exp=[0 1 4 6 8] xth=[2 0 6 8 0]
t05 z_h=[ 1. -1.  1.  1. -1.] exp=[0 2 4 5 8] xth=[1 0 0 0 0]
t06 z_h=[ 0. -1.  0.  0. -1.] exp=[0 1 3 5 7] xth=[2 0 5 7 0]
t07 z_h=[ 1. -1.  1.  1. -1.] exp=[0 2 3 6 7] xth=[1 0 6 7 0]
t08 z_h=[ 0. -1.  0.  0. -1.] exp=[0 1 3 5 7] xth=[2 0 5 7 0]
t09 z_h=[ 1. -1.  1.  1. -1.] exp=[0 2 3 6 7] xth=[1 0 6 7 0]
t10 z_h=[ 0. -1.  0.  0. -1.] exp=[0 1 4 6 8] xth=[2 0 6 8 0]
t11 z_h=[ 1. -1.  1.  1. -1.] exp=[0 2 4 5 8] xth=[1 0 5 8 0]
t12 z_h=[ 0. -1.  0.  0. -1.] exp=[0 1 3 5 7] xth=[2 0 5 7 0]
t13 z_h=[ 1. -1.  1.  1. -1.] exp=[0 2 4 5 8] xth=[1 0 5 8 0]
t14 z_h=[ 0. -1.  0.  0. -1.] exp=[0 1 3 5 7] xth=[2 0 5 7 0]
t15 z_h=[ 1. -1.  1.  1. -1.] exp=[0 2 3 6 7] xth=[1 0 6 7 0]
t16 z_h=[ 0. -1.  0.  0. -1.] exp=[0 1 3 5 7] xth=[2 0 5 7 0]
t17 z_h=[ 1. -1.  1.  1. -1.] exp=[0 2 4 5 8] xth=[1 0 5 8 0]
t18 z_h=[ 0. -1.  0.  0. -1.] exp=[0 1 4 6 8] xth=[2 0 6 8 0]
t19 z_h=[ 1. -1.  1.  1. -1.] exp=[0 2 4 5 8] xth=[1 0 5 8 0]